(kicad_pcb (version 20170123) (host pcbnew "(2017-05-14 revision 14bb238)-master")

  (general
    (links 194)
    (no_connects 0)
    (area 46.361476 47.2485 154.688524 175.589001)
    (thickness 1.6)
    (drawings 20)
    (tracks 773)
    (zones 0)
    (modules 87)
    (nets 75)
  )

  (page A4)
  (layers
    (0 F.Cu signal)
    (31 B.Cu signal)
    (32 B.Adhes user)
    (33 F.Adhes user)
    (34 B.Paste user)
    (35 F.Paste user)
    (36 B.SilkS user)
    (37 F.SilkS user)
    (38 B.Mask user)
    (39 F.Mask user)
    (40 Dwgs.User user)
    (41 Cmts.User user)
    (42 Eco1.User user)
    (43 Eco2.User user)
    (44 Edge.Cuts user)
    (45 Margin user)
    (46 B.CrtYd user)
    (47 F.CrtYd user)
    (48 B.Fab user hide)
    (49 F.Fab user hide)
  )

  (setup
    (last_trace_width 0.508)
    (user_trace_width 0.508)
    (user_trace_width 1.016)
    (user_trace_width 1.27)
    (user_trace_width 2.032)
    (trace_clearance 0.254)
    (zone_clearance 0.508)
    (zone_45_only no)
    (trace_min 0.2)
    (segment_width 0.2)
    (edge_width 0.15)
    (via_size 2)
    (via_drill 0.8)
    (via_min_size 0.4)
    (via_min_drill 0.3)
    (uvia_size 0.3)
    (uvia_drill 0.1)
    (uvias_allowed no)
    (uvia_min_size 0.2)
    (uvia_min_drill 0.1)
    (pcb_text_width 0.3)
    (pcb_text_size 1.5 1.5)
    (mod_edge_width 0.15)
    (mod_text_size 1 1)
    (mod_text_width 0.15)
    (pad_size 2.032 1.7272)
    (pad_drill 1)
    (pad_to_mask_clearance 0.2)
    (aux_axis_origin 0 0)
    (visible_elements FFFFFF7F)
    (pcbplotparams
      (layerselection 0x010f0_ffffffff)
      (usegerberextensions false)
      (excludeedgelayer true)
      (linewidth 0.385000)
      (plotframeref false)
      (viasonmask false)
      (mode 1)
      (useauxorigin false)
      (hpglpennumber 1)
      (hpglpenspeed 20)
      (hpglpendiameter 15)
      (psnegative false)
      (psa4output false)
      (plotreference true)
      (plotvalue true)
      (plotinvisibletext false)
      (padsonsilk false)
      (subtractmaskfromsilk false)
      (outputformat 1)
      (mirror false)
      (drillshape 0)
      (scaleselection 1)
      (outputdirectory dirtypcb/))
  )

  (net 0 "")
  (net 1 GND)
  (net 2 +12V)
  (net 3 +5V)
  (net 4 VCC)
  (net 5 GNDA)
  (net 6 +5VA)
  (net 7 "Net-(D202-Pad2)")
  (net 8 /Door1/BUZZER_IN2)
  (net 9 /Door1/BUZZER_IN1)
  (net 10 "Net-(D203-Pad1)")
  (net 11 +BATT)
  (net 12 "Net-(F402-Pad1)")
  (net 13 /DOOR1)
  (net 14 /~READER_ON)
  (net 15 /MEM_WP)
  (net 16 "Net-(P101-Pad2)")
  (net 17 /BATT_SENSE)
  (net 18 /BUZZ1)
  (net 19 /DCF77)
  (net 20 /CHARGE_SENSE1)
  (net 21 /MEM_CS)
  (net 22 "Net-(R202-Pad1)")
  (net 23 /CHARGE)
  (net 24 /CPU_RX)
  (net 25 /~TX_EN)
  (net 26 "Net-(R403-Pad1)")
  (net 27 "Net-(R404-Pad1)")
  (net 28 /CPU_TX)
  (net 29 "Net-(R405-Pad2)")
  (net 30 /ReaderIntf/UNSAFE_RX)
  (net 31 /ReaderIntf/UNSAFE_TX)
  (net 32 "Net-(R407-Pad1)")
  (net 33 /MEM_MISO)
  (net 34 /MEM_MOSI)
  (net 35 /MEM_SCK)
  (net 36 +3V3)
  (net 37 "Net-(U102-Pad1.06)")
  (net 38 "Net-(U102-Pad3.10)")
  (net 39 "Net-(U102-Pad2.04)")
  (net 40 "Net-(U102-Pad2.05)")
  (net 41 "Net-(U102-Pad2.06)")
  (net 42 "Net-(U102-Pad2.07)")
  (net 43 "Net-(U102-Pad2.08)")
  (net 44 "Net-(U102-Pad2.09)")
  (net 45 "Net-(U102-Pad4.10)")
  (net 46 "Net-(U102-Pad4.09)")
  (net 47 "Net-(U102-Pad4.08)")
  (net 48 "Net-(U102-Pad4.03)")
  (net 49 "Net-(U102-Pad4.02)")
  (net 50 "Net-(U102-Pad4.01)")
  (net 51 /Door1/BUZZER_NO)
  (net 52 /Door1/BUZZER_NC)
  (net 53 /Door1/BUZZER_COM)
  (net 54 /CHARGE_SENSE2)
  (net 55 "Net-(R107-Pad2)")
  (net 56 "Net-(R109-Pad2)")
  (net 57 "Net-(R111-Pad2)")
  (net 58 /Power/PFUSED)
  (net 59 /Power/PIN)
  (net 60 /ReaderIntf/DCDCIN5V)
  (net 61 /Door1/RELAYGND)
  (net 62 "Net-(D101-Pad1)")
  (net 63 "Net-(D101-Pad2)")
  (net 64 "Net-(D102-Pad2)")
  (net 65 "Net-(D102-Pad1)")
  (net 66 /CPU_TX_BT)
  (net 67 /CPU_RX_BT)
  (net 68 /BT_AT_~COMM)
  (net 69 /~BT_RESET)
  (net 70 "Net-(C103-Pad1)")
  (net 71 "Net-(C105-Pad1)")
  (net 72 /TAMPER)
  (net 73 /ReaderIntf/485A)
  (net 74 /ReaderIntf/485B)

  (net_class Default "This is the default net class."
    (clearance 0.254)
    (trace_width 0.508)
    (via_dia 2)
    (via_drill 0.8)
    (uvia_dia 0.3)
    (uvia_drill 0.1)
    (add_net +BATT)
    (add_net /BATT_SENSE)
    (add_net /BT_AT_~COMM)
    (add_net /BUZZ1)
    (add_net /CHARGE)
    (add_net /CHARGE_SENSE1)
    (add_net /CHARGE_SENSE2)
    (add_net /CPU_RX)
    (add_net /CPU_RX_BT)
    (add_net /CPU_TX)
    (add_net /CPU_TX_BT)
    (add_net /DCF77)
    (add_net /DOOR1)
    (add_net /MEM_CS)
    (add_net /MEM_MISO)
    (add_net /MEM_MOSI)
    (add_net /MEM_SCK)
    (add_net /MEM_WP)
    (add_net /ReaderIntf/485A)
    (add_net /ReaderIntf/485B)
    (add_net /ReaderIntf/UNSAFE_RX)
    (add_net /ReaderIntf/UNSAFE_TX)
    (add_net /TAMPER)
    (add_net /~BT_RESET)
    (add_net /~READER_ON)
    (add_net /~TX_EN)
    (add_net "Net-(C103-Pad1)")
    (add_net "Net-(C105-Pad1)")
    (add_net "Net-(D101-Pad1)")
    (add_net "Net-(D101-Pad2)")
    (add_net "Net-(D102-Pad1)")
    (add_net "Net-(D102-Pad2)")
    (add_net "Net-(D202-Pad2)")
    (add_net "Net-(D203-Pad1)")
    (add_net "Net-(F402-Pad1)")
    (add_net "Net-(P101-Pad2)")
    (add_net "Net-(R107-Pad2)")
    (add_net "Net-(R109-Pad2)")
    (add_net "Net-(R111-Pad2)")
    (add_net "Net-(R202-Pad1)")
    (add_net "Net-(R403-Pad1)")
    (add_net "Net-(R404-Pad1)")
    (add_net "Net-(R405-Pad2)")
    (add_net "Net-(R407-Pad1)")
    (add_net "Net-(U102-Pad1.06)")
    (add_net "Net-(U102-Pad2.04)")
    (add_net "Net-(U102-Pad2.05)")
    (add_net "Net-(U102-Pad2.06)")
    (add_net "Net-(U102-Pad2.07)")
    (add_net "Net-(U102-Pad2.08)")
    (add_net "Net-(U102-Pad2.09)")
    (add_net "Net-(U102-Pad3.10)")
    (add_net "Net-(U102-Pad4.01)")
    (add_net "Net-(U102-Pad4.02)")
    (add_net "Net-(U102-Pad4.03)")
    (add_net "Net-(U102-Pad4.08)")
    (add_net "Net-(U102-Pad4.09)")
    (add_net "Net-(U102-Pad4.10)")
    (add_net VCC)
  )

  (net_class highcurrent ""
    (clearance 0.254)
    (trace_width 2.54)
    (via_dia 2)
    (via_drill 1)
    (uvia_dia 0.3)
    (uvia_drill 0.1)
    (add_net +12V)
    (add_net /Door1/BUZZER_COM)
    (add_net /Door1/BUZZER_NC)
    (add_net /Door1/BUZZER_NO)
    (add_net /Door1/RELAYGND)
    (add_net /Power/PFUSED)
    (add_net /Power/PIN)
    (add_net GND)
    (add_net GNDA)
  )

  (net_class power ""
    (clearance 0.254)
    (trace_width 1.27)
    (via_dia 2)
    (via_drill 0.8)
    (uvia_dia 0.3)
    (uvia_drill 0.1)
    (add_net +3V3)
    (add_net +5V)
    (add_net +5VA)
    (add_net /Door1/BUZZER_IN1)
    (add_net /Door1/BUZZER_IN2)
    (add_net /ReaderIntf/DCDCIN5V)
  )

  (module Mounting_Holes:MountingHole_3-5mm (layer F.Cu) (tedit 5918D217) (tstamp 591A2C1F)
    (at 145 72.5)
    (descr "Mounting hole, Befestigungsbohrung, 3,5mm, No Annular, Kein Restring,")
    (tags "Mounting hole, Befestigungsbohrung, 3,5mm, No Annular, Kein Restring,")
    (fp_text reference REF** (at 0 -4.50088) (layer F.SilkS) hide
      (effects (font (size 1 1) (thickness 0.15)))
    )
    (fp_text value MountingHole_3-5mm (at 0 5.00126) (layer F.Fab)
      (effects (font (size 1 1) (thickness 0.15)))
    )
    (fp_circle (center 0 0) (end 3.5 0) (layer Cmts.User) (width 0.381))
    (pad 1 thru_hole circle (at 0 0) (size 3.5 3.5) (drill 3.5) (layers))
  )

  (module Mounting_Holes:MountingHole_3-5mm (layer F.Cu) (tedit 5918D0F9) (tstamp 591A2BDF)
    (at 80 55)
    (descr "Mounting hole, Befestigungsbohrung, 3,5mm, No Annular, Kein Restring,")
    (tags "Mounting hole, Befestigungsbohrung, 3,5mm, No Annular, Kein Restring,")
    (fp_text reference REF** (at 0 -4.50088) (layer F.SilkS) hide
      (effects (font (size 1 1) (thickness 0.15)))
    )
    (fp_text value MountingHole_3-5mm (at 0 5.00126) (layer F.Fab)
      (effects (font (size 1 1) (thickness 0.15)))
    )
    (fp_circle (center 0 0) (end 3.5 0) (layer Cmts.User) (width 0.381))
    (pad 1 thru_hole circle (at 0 0) (size 3.5 3.5) (drill 3.5) (layers))
  )

  (module Mounting_Holes:MountingHole_3-5mm (layer F.Cu) (tedit 5918D21F) (tstamp 591A2AF6)
    (at 146.05 146.05)
    (descr "Mounting hole, Befestigungsbohrung, 3,5mm, No Annular, Kein Restring,")
    (tags "Mounting hole, Befestigungsbohrung, 3,5mm, No Annular, Kein Restring,")
    (fp_text reference REF** (at 0 -4.50088) (layer F.SilkS) hide
      (effects (font (size 1 1) (thickness 0.15)))
    )
    (fp_text value MountingHole_3-5mm (at 0 5.00126) (layer F.Fab)
      (effects (font (size 1 1) (thickness 0.15)))
    )
    (fp_circle (center 0 0) (end 3.5 0) (layer Cmts.User) (width 0.381))
    (pad 1 thru_hole circle (at 0 0) (size 3.5 3.5) (drill 3.5) (layers))
  )

  (module Mounting_Holes:MountingHole_3-5mm (layer F.Cu) (tedit 5918D228) (tstamp 591A2AB5)
    (at 100 127)
    (descr "Mounting hole, Befestigungsbohrung, 3,5mm, No Annular, Kein Restring,")
    (tags "Mounting hole, Befestigungsbohrung, 3,5mm, No Annular, Kein Restring,")
    (fp_text reference REF** (at 0 -4.50088) (layer F.SilkS) hide
      (effects (font (size 1 1) (thickness 0.15)))
    )
    (fp_text value MountingHole_3-5mm (at 0 5.00126) (layer F.Fab)
      (effects (font (size 1 1) (thickness 0.15)))
    )
    (fp_circle (center 0 0) (end 3.5 0) (layer Cmts.User) (width 0.381))
    (pad 1 thru_hole circle (at 0 0) (size 3.5 3.5) (drill 3.5) (layers))
  )

  (module Mounting_Holes:MountingHole_3-5mm (layer F.Cu) (tedit 0) (tstamp 591A2AB0)
    (at 100 100)
    (descr "Mounting hole, Befestigungsbohrung, 3,5mm, No Annular, Kein Restring,")
    (tags "Mounting hole, Befestigungsbohrung, 3,5mm, No Annular, Kein Restring,")
    (fp_text reference REF** (at 0 -4.50088) (layer F.SilkS)
      (effects (font (size 1 1) (thickness 0.15)))
    )
    (fp_text value MountingHole_3-5mm (at 0 5.00126) (layer F.Fab)
      (effects (font (size 1 1) (thickness 0.15)))
    )
    (fp_circle (center 0 0) (end 3.5 0) (layer Cmts.User) (width 0.381))
    (pad 1 thru_hole circle (at 0 0) (size 3.5 3.5) (drill 3.5) (layers))
  )

  (module Mounting_Holes:MountingHole_3-5mm (layer F.Cu) (tedit 5918D0FE) (tstamp 591A2AAB)
    (at 100 55)
    (descr "Mounting hole, Befestigungsbohrung, 3,5mm, No Annular, Kein Restring,")
    (tags "Mounting hole, Befestigungsbohrung, 3,5mm, No Annular, Kein Restring,")
    (fp_text reference REF** (at 0 -4.50088) (layer F.SilkS) hide
      (effects (font (size 1 1) (thickness 0.15)))
    )
    (fp_text value MountingHole_3-5mm (at 0 5.00126) (layer F.Fab)
      (effects (font (size 1 1) (thickness 0.15)))
    )
    (fp_circle (center 0 0) (end 3.5 0) (layer Cmts.User) (width 0.381))
    (pad 1 thru_hole circle (at 0 0) (size 3.5 3.5) (drill 3.5) (layers))
  )

  (module Mounting_Holes:MountingHole_3-5mm (layer F.Cu) (tedit 5918D107) (tstamp 591A2AA9)
    (at 55 75)
    (descr "Mounting hole, Befestigungsbohrung, 3,5mm, No Annular, Kein Restring,")
    (tags "Mounting hole, Befestigungsbohrung, 3,5mm, No Annular, Kein Restring,")
    (fp_text reference REF** (at 0 -4.50088) (layer F.SilkS) hide
      (effects (font (size 1 1) (thickness 0.15)))
    )
    (fp_text value MountingHole_3-5mm (at 0 5.00126) (layer F.Fab)
      (effects (font (size 1 1) (thickness 0.15)))
    )
    (fp_circle (center 0 0) (end 3.5 0) (layer Cmts.User) (width 0.381))
    (pad 1 thru_hole circle (at 0 0) (size 3.5 3.5) (drill 3.5) (layers))
  )

  (module th-npth:TI-Launchpad_4-Ports_LargePads (layer F.Cu) (tedit 5919BA24) (tstamp 59170573)
    (at 95.25 142.24 180)
    (path /58D7800E)
    (fp_text reference U102 (at -1.905 -1.905 180) (layer F.SilkS) hide
      (effects (font (size 1 1) (thickness 0.15)))
    )
    (fp_text value EK-TM4C123GXL (at 0 -2.54 180) (layer F.Fab)
      (effects (font (size 1 1) (thickness 0.15)))
    )
    (fp_line (start -24.13 -3.81) (end -19.05 -3.81) (layer F.SilkS) (width 0.15))
    (fp_line (start -19.05 -3.81) (end -19.05 21.59) (layer F.SilkS) (width 0.15))
    (fp_line (start -19.05 21.59) (end -24.13 21.59) (layer F.SilkS) (width 0.15))
    (fp_line (start -24.13 21.59) (end -24.13 -3.81) (layer F.SilkS) (width 0.15))
    (fp_line (start 19.05 -3.81) (end 24.13 -3.81) (layer F.SilkS) (width 0.15))
    (fp_line (start 24.13 -3.81) (end 24.13 21.59) (layer F.SilkS) (width 0.15))
    (fp_line (start 24.13 21.59) (end 19.05 21.59) (layer F.SilkS) (width 0.15))
    (fp_line (start 19.05 21.59) (end 19.05 -3.81) (layer F.SilkS) (width 0.15))
    (fp_line (start -25.4 33.02) (end 25.4 33.02) (layer F.SilkS) (width 0.15))
    (fp_line (start 25.4 33.02) (end 25.4 -33.02) (layer F.SilkS) (width 0.15))
    (fp_line (start 25.4 -33.02) (end -25.4 -33.02) (layer F.SilkS) (width 0.15))
    (fp_line (start -25.4 -33.02) (end -25.4 33.02) (layer F.SilkS) (width 0.15))
    (pad 1.01 thru_hole rect (at -22.86 -2.54 180) (size 2.032 1.524) (drill 0.8) (layers *.Cu *.Mask F.SilkS)
      (net 36 +3V3))
    (pad 1.02 thru_hole oval (at -22.86 0 180) (size 2.032 1.524) (drill 0.8) (layers *.Cu *.Mask F.SilkS)
      (net 25 /~TX_EN))
    (pad 1.03 thru_hole oval (at -22.86 2.54 180) (size 2.032 1.524) (drill 0.8) (layers *.Cu *.Mask F.SilkS)
      (net 24 /CPU_RX))
    (pad 1.04 thru_hole oval (at -22.86 5.08 180) (size 2.032 1.524) (drill 0.8) (layers *.Cu *.Mask F.SilkS)
      (net 28 /CPU_TX))
    (pad 1.05 thru_hole oval (at -22.86 7.62 180) (size 2.032 1.524) (drill 0.8) (layers *.Cu *.Mask F.SilkS)
      (net 14 /~READER_ON))
    (pad 1.06 thru_hole oval (at -22.86 10.16 180) (size 2.032 1.524) (drill 0.8) (layers *.Cu *.Mask F.SilkS)
      (net 37 "Net-(U102-Pad1.06)"))
    (pad 1.07 thru_hole oval (at -22.86 12.7 180) (size 2.032 1.524) (drill 0.8) (layers *.Cu *.Mask F.SilkS)
      (net 57 "Net-(R111-Pad2)"))
    (pad 1.08 thru_hole oval (at -22.86 15.24 180) (size 2.032 1.2) (drill 0.8) (layers *.Cu *.Mask F.SilkS)
      (net 72 /TAMPER))
    (pad 1.09 thru_hole oval (at -22.86 17.78 180) (size 2.032 1.524) (drill 0.8) (layers *.Cu *.Mask F.SilkS)
      (net 13 /DOOR1))
    (pad 1.10 thru_hole oval (at -22.86 20.32 180) (size 2.032 1.524) (drill 0.8) (layers *.Cu *.Mask F.SilkS)
      (net 18 /BUZZ1))
    (pad 3.10 thru_hole oval (at -20.32 20.32 180) (size 2.032 1.524) (drill 0.8) (layers *.Cu *.Mask F.SilkS)
      (net 38 "Net-(U102-Pad3.10)"))
    (pad 3.09 thru_hole oval (at -20.32 17.78 180) (size 2.032 1.524) (drill 0.8) (layers *.Cu *.Mask F.SilkS)
      (net 55 "Net-(R107-Pad2)"))
    (pad 3.08 thru_hole oval (at -20.32 15.24 180) (size 2.032 1.2) (drill 0.8) (layers *.Cu *.Mask F.SilkS)
      (net 56 "Net-(R109-Pad2)"))
    (pad 3.07 thru_hole oval (at -20.32 12.7 180) (size 2.032 1.2) (drill 0.8) (layers *.Cu *.Mask F.SilkS)
      (net 15 /MEM_WP))
    (pad 3.06 thru_hole oval (at -20.32 10.16 180) (size 2.032 1.524) (drill 0.8) (layers *.Cu *.Mask F.SilkS)
      (net 34 /MEM_MOSI))
    (pad 3.05 thru_hole oval (at -20.32 7.62 180) (size 2.032 1.524) (drill 0.8) (layers *.Cu *.Mask F.SilkS)
      (net 33 /MEM_MISO))
    (pad 3.04 thru_hole oval (at -20.32 5.08 180) (size 2.032 1.524) (drill 0.8) (layers *.Cu *.Mask F.SilkS)
      (net 21 /MEM_CS))
    (pad 3.03 thru_hole oval (at -20.32 2.54 180) (size 2.032 1.524) (drill 0.8) (layers *.Cu *.Mask F.SilkS)
      (net 35 /MEM_SCK))
    (pad 3.02 thru_hole oval (at -20.32 0 180) (size 2.032 1.524) (drill 0.8) (layers *.Cu *.Mask F.SilkS)
      (net 1 GND))
    (pad 3.01 thru_hole oval (at -20.32 -2.54 180) (size 2.032 1.524) (drill 0.8) (layers *.Cu *.Mask F.SilkS)
      (net 3 +5V))
    (pad 2.01 thru_hole oval (at 22.86 -2.54 180) (size 2.032 1.524) (drill 0.8) (layers *.Cu *.Mask F.SilkS)
      (net 1 GND))
    (pad 2.02 thru_hole oval (at 22.86 0 180) (size 2.032 1.524) (drill 0.8) (layers *.Cu *.Mask F.SilkS)
      (net 23 /CHARGE))
    (pad 2.03 thru_hole oval (at 22.86 2.54 180) (size 2.032 1.524) (drill 0.8) (layers *.Cu *.Mask F.SilkS)
      (net 17 /BATT_SENSE))
    (pad 2.04 thru_hole oval (at 22.86 5.08 180) (size 2.032 1) (drill 0.8) (layers *.Cu *.Mask F.SilkS)
      (net 39 "Net-(U102-Pad2.04)"))
    (pad 2.05 thru_hole oval (at 22.86 7.62 180) (size 2.032 1) (drill 0.8) (layers *.Cu *.Mask F.SilkS)
      (net 40 "Net-(U102-Pad2.05)"))
    (pad 2.06 thru_hole oval (at 22.86 10.16 180) (size 2.032 1.524) (drill 0.8) (layers *.Cu *.Mask F.SilkS)
      (net 41 "Net-(U102-Pad2.06)"))
    (pad 2.07 thru_hole oval (at 22.86 12.7 180) (size 2.032 1.524) (drill 0.8) (layers *.Cu *.Mask F.SilkS)
      (net 42 "Net-(U102-Pad2.07)"))
    (pad 2.08 thru_hole oval (at 22.86 15.24 180) (size 2.032 1.524) (drill 0.8) (layers *.Cu *.Mask F.SilkS)
      (net 43 "Net-(U102-Pad2.08)"))
    (pad 2.09 thru_hole oval (at 22.86 17.78 180) (size 2.032 1.524) (drill 0.8) (layers *.Cu *.Mask F.SilkS)
      (net 44 "Net-(U102-Pad2.09)"))
    (pad 2.10 thru_hole oval (at 22.86 20.32 180) (size 2.032 1.524) (drill 0.8) (layers *.Cu *.Mask F.SilkS)
      (net 19 /DCF77))
    (pad 4.10 thru_hole oval (at 20.32 20.32 180) (size 2.032 1.524) (drill 0.8) (layers *.Cu *.Mask F.SilkS)
      (net 45 "Net-(U102-Pad4.10)"))
    (pad 4.09 thru_hole oval (at 20.32 17.78 180) (size 2.032 1.524) (drill 0.8) (layers *.Cu *.Mask F.SilkS)
      (net 46 "Net-(U102-Pad4.09)"))
    (pad 4.08 thru_hole oval (at 20.32 15.24 180) (size 2.032 1.524) (drill 0.8) (layers *.Cu *.Mask F.SilkS)
      (net 47 "Net-(U102-Pad4.08)"))
    (pad 4.07 thru_hole oval (at 20.32 12.7 180) (size 2.032 1.524) (drill 0.8) (layers *.Cu *.Mask F.SilkS)
      (net 66 /CPU_TX_BT))
    (pad 4.06 thru_hole oval (at 20.32 10.16 180) (size 2.032 1.524) (drill 0.8) (layers *.Cu *.Mask F.SilkS)
      (net 67 /CPU_RX_BT))
    (pad 4.05 thru_hole oval (at 20.32 7.62 180) (size 2.032 1.524) (drill 0.8) (layers *.Cu *.Mask F.SilkS)
      (net 68 /BT_AT_~COMM))
    (pad 4.04 thru_hole oval (at 20.32 5.08 180) (size 2.032 1.2) (drill 0.8) (layers *.Cu *.Mask F.SilkS)
      (net 69 /~BT_RESET))
    (pad 4.03 thru_hole oval (at 20.32 2.54 180) (size 2.032 1.2) (drill 0.8) (layers *.Cu *.Mask F.SilkS)
      (net 48 "Net-(U102-Pad4.03)"))
    (pad 4.02 thru_hole oval (at 20.32 0 180) (size 2.032 1.2) (drill 0.8) (layers *.Cu *.Mask F.SilkS)
      (net 49 "Net-(U102-Pad4.02)"))
    (pad 4.01 thru_hole oval (at 20.32 -2.54 180) (size 2.032 1.524) (drill 0.8) (layers *.Cu *.Mask F.SilkS)
      (net 50 "Net-(U102-Pad4.01)"))
  )

  (module th-npth:DIP-8_W300mil_LongPads (layer F.Cu) (tedit 59184F50) (tstamp 5917053B)
    (at 101.6 139.7 90)
    (descr "8-lead dip package, row spacing 7.62 mm (300 mils), longer pads")
    (tags "dil dip 2.54 300")
    (path /58D9C69A)
    (fp_text reference U101 (at -3.175 7.62 180) (layer F.SilkS)
      (effects (font (size 1 1) (thickness 0.15)))
    )
    (fp_text value A25L40P (at 0 -3.72 90) (layer F.Fab)
      (effects (font (size 1 1) (thickness 0.15)))
    )
    (fp_line (start -1.4 -2.45) (end -1.4 10.1) (layer F.CrtYd) (width 0.05))
    (fp_line (start 9 -2.45) (end 9 10.1) (layer F.CrtYd) (width 0.05))
    (fp_line (start -1.4 -2.45) (end 9 -2.45) (layer F.CrtYd) (width 0.05))
    (fp_line (start -1.4 10.1) (end 9 10.1) (layer F.CrtYd) (width 0.05))
    (fp_line (start 0.135 -2.295) (end 0.135 -1.025) (layer F.SilkS) (width 0.15))
    (fp_line (start 7.485 -2.295) (end 7.485 -1.025) (layer F.SilkS) (width 0.15))
    (fp_line (start 7.485 9.915) (end 7.485 8.645) (layer F.SilkS) (width 0.15))
    (fp_line (start 0.135 9.915) (end 0.135 8.645) (layer F.SilkS) (width 0.15))
    (fp_line (start 0.135 -2.295) (end 7.485 -2.295) (layer F.SilkS) (width 0.15))
    (fp_line (start 0.135 9.915) (end 7.485 9.915) (layer F.SilkS) (width 0.15))
    (fp_line (start 0.135 -1.025) (end -1.15 -1.025) (layer F.SilkS) (width 0.15))
    (pad 1 thru_hole oval (at 0 0 90) (size 2.3 1.6) (drill 0.8) (layers *.Cu *.Mask F.SilkS)
      (net 21 /MEM_CS))
    (pad 2 thru_hole oval (at 0 2.54 90) (size 2.3 1.6) (drill 0.8) (layers *.Cu *.Mask F.SilkS)
      (net 33 /MEM_MISO))
    (pad 3 thru_hole oval (at 0 5.08 90) (size 2.3 1.2) (drill 0.8) (layers *.Cu *.Mask F.SilkS)
      (net 15 /MEM_WP))
    (pad 4 thru_hole oval (at 0 7.62 90) (size 2.3 1.2) (drill 0.8) (layers *.Cu *.Mask F.SilkS)
      (net 1 GND))
    (pad 5 thru_hole oval (at 7.62 7.62 90) (size 2.3 1.6) (drill 0.8) (layers *.Cu *.Mask F.SilkS)
      (net 34 /MEM_MOSI))
    (pad 6 thru_hole oval (at 7.62 5.08 90) (size 2.3 1.6) (drill 0.8) (layers *.Cu *.Mask F.SilkS)
      (net 35 /MEM_SCK))
    (pad 7 thru_hole oval (at 7.62 2.54 90) (size 2.3 1.6) (drill 0.8) (layers *.Cu *.Mask F.SilkS)
      (net 3 +5V))
    (pad 8 thru_hole oval (at 7.62 0 90) (size 2.3 1.6) (drill 0.8) (layers *.Cu *.Mask F.SilkS)
      (net 3 +5V))
    (model Housings_DIP.3dshapes/DIP-8_W7.62mm_LongPads.wrl
      (at (xyz 0 0 0))
      (scale (xyz 1 1 1))
      (rotate (xyz 0 0 0))
    )
  )

  (module th-npth:Wire-2_Wago-233-P2.5mm (layer F.Cu) (tedit 5918D1DC) (tstamp 5919D73B)
    (at 142.24 106.045 90)
    (path /59176A54/59178A7E)
    (fp_text reference P402 (at -2.54 6.985 180) (layer F.SilkS) hide
      (effects (font (size 1 1) (thickness 0.15)))
    )
    (fp_text value Wago_233-502 (at 0 7.62 90) (layer F.Fab)
      (effects (font (size 1 1) (thickness 0.15)))
    )
    (fp_line (start -4 6) (end -4 -7) (layer F.SilkS) (width 0.15))
    (fp_line (start -4 -7) (end 3.5 -7) (layer F.SilkS) (width 0.15))
    (fp_line (start 3.5 -7) (end 3.5 6) (layer F.SilkS) (width 0.15))
    (fp_line (start 3.5 6) (end -4 6) (layer F.SilkS) (width 0.15))
    (fp_line (start -4 6) (end -4 6) (layer F.SilkS) (width 0.15))
    (fp_line (start -2 6) (end -2 4) (layer F.SilkS) (width 0.15))
    (fp_line (start -2 4) (end -1 3) (layer F.SilkS) (width 0.15))
    (fp_line (start -1 3) (end 0 4) (layer F.SilkS) (width 0.15))
    (fp_line (start 0 4) (end 0 6) (layer F.SilkS) (width 0.15))
    (fp_line (start 0 6) (end 0.5 6) (layer F.SilkS) (width 0.15))
    (fp_line (start 0.5 6) (end 0.5 4) (layer F.SilkS) (width 0.15))
    (fp_line (start 0.5 4) (end 1.5 3) (layer F.SilkS) (width 0.15))
    (fp_line (start 1.5 3) (end 2.5 4) (layer F.SilkS) (width 0.15))
    (fp_line (start 2.5 4) (end 2.5 6) (layer F.SilkS) (width 0.15))
    (fp_line (start 2.5 6) (end 2.5 6) (layer F.SilkS) (width 0.15))
    (fp_line (start 2.5 6) (end 3 6) (layer F.SilkS) (width 0.15))
    (fp_line (start -1.5 -5.5) (end -1.5 -6) (layer F.SilkS) (width 0.15))
    (fp_line (start -1.5 -6) (end -2 -6.5) (layer F.SilkS) (width 0.15))
    (fp_line (start -2 -6.5) (end 0 -6.5) (layer F.SilkS) (width 0.15))
    (fp_line (start 0 -6.5) (end -0.5 -6) (layer F.SilkS) (width 0.15))
    (fp_line (start -0.5 -6) (end -0.5 -5.5) (layer F.SilkS) (width 0.15))
    (fp_line (start -0.5 -5.5) (end -0.5 -5.5) (layer F.SilkS) (width 0.15))
    (fp_line (start 1 -5.5) (end 1 -6) (layer F.SilkS) (width 0.15))
    (fp_line (start 1 -6) (end 0.5 -6.5) (layer F.SilkS) (width 0.15))
    (fp_line (start 0.5 -6.5) (end 2.5 -6.5) (layer F.SilkS) (width 0.15))
    (fp_line (start 2.5 -6.5) (end 2 -6) (layer F.SilkS) (width 0.15))
    (fp_line (start 2 -6) (end 2 -5.5) (layer F.SilkS) (width 0.15))
    (fp_line (start 2 -5.5) (end 2 -5.5) (layer F.SilkS) (width 0.15))
    (pad 1 thru_hole oval (at -1 1 90) (size 1.5 2) (drill 0.8) (layers *.Cu *.Mask F.SilkS)
      (net 73 /ReaderIntf/485A))
    (pad 2 thru_hole oval (at 1.5 1 90) (size 1.5 2) (drill 0.8) (layers *.Cu *.Mask F.SilkS)
      (net 74 /ReaderIntf/485B))
    (pad 2 thru_hole oval (at 1.5 -4 90) (size 1.5 2) (drill 0.8) (layers *.Cu *.Mask F.SilkS)
      (net 74 /ReaderIntf/485B))
    (pad 1 thru_hole oval (at -1 -4 90) (size 1.5 2) (drill 0.8) (layers *.Cu *.Mask F.SilkS)
      (net 73 /ReaderIntf/485A))
  )

  (module th-normal:C_Radial_D6.3_L11.2_P2.5 (layer F.Cu) (tedit 0) (tstamp 5917018B)
    (at 115.57 57.15 270)
    (descr "Radial Electrolytic Capacitor, Diameter 6.3mm x Length 11.2mm, Pitch 2.5mm")
    (tags "Electrolytic Capacitor")
    (path /590DEE5A)
    (fp_text reference C101 (at 3.175 5.08) (layer F.SilkS)
      (effects (font (size 1 1) (thickness 0.15)))
    )
    (fp_text value Jamicon_220uF_16V_TKP (at 1.25 4.4 270) (layer F.Fab)
      (effects (font (size 1 1) (thickness 0.15)))
    )
    (fp_line (start 1.325 -3.149) (end 1.325 3.149) (layer F.SilkS) (width 0.15))
    (fp_line (start 1.465 -3.143) (end 1.465 3.143) (layer F.SilkS) (width 0.15))
    (fp_line (start 1.605 -3.13) (end 1.605 -0.446) (layer F.SilkS) (width 0.15))
    (fp_line (start 1.605 0.446) (end 1.605 3.13) (layer F.SilkS) (width 0.15))
    (fp_line (start 1.745 -3.111) (end 1.745 -0.656) (layer F.SilkS) (width 0.15))
    (fp_line (start 1.745 0.656) (end 1.745 3.111) (layer F.SilkS) (width 0.15))
    (fp_line (start 1.885 -3.085) (end 1.885 -0.789) (layer F.SilkS) (width 0.15))
    (fp_line (start 1.885 0.789) (end 1.885 3.085) (layer F.SilkS) (width 0.15))
    (fp_line (start 2.025 -3.053) (end 2.025 -0.88) (layer F.SilkS) (width 0.15))
    (fp_line (start 2.025 0.88) (end 2.025 3.053) (layer F.SilkS) (width 0.15))
    (fp_line (start 2.165 -3.014) (end 2.165 -0.942) (layer F.SilkS) (width 0.15))
    (fp_line (start 2.165 0.942) (end 2.165 3.014) (layer F.SilkS) (width 0.15))
    (fp_line (start 2.305 -2.968) (end 2.305 -0.981) (layer F.SilkS) (width 0.15))
    (fp_line (start 2.305 0.981) (end 2.305 2.968) (layer F.SilkS) (width 0.15))
    (fp_line (start 2.445 -2.915) (end 2.445 -0.998) (layer F.SilkS) (width 0.15))
    (fp_line (start 2.445 0.998) (end 2.445 2.915) (layer F.SilkS) (width 0.15))
    (fp_line (start 2.585 -2.853) (end 2.585 -0.996) (layer F.SilkS) (width 0.15))
    (fp_line (start 2.585 0.996) (end 2.585 2.853) (layer F.SilkS) (width 0.15))
    (fp_line (start 2.725 -2.783) (end 2.725 -0.974) (layer F.SilkS) (width 0.15))
    (fp_line (start 2.725 0.974) (end 2.725 2.783) (layer F.SilkS) (width 0.15))
    (fp_line (start 2.865 -2.704) (end 2.865 -0.931) (layer F.SilkS) (width 0.15))
    (fp_line (start 2.865 0.931) (end 2.865 2.704) (layer F.SilkS) (width 0.15))
    (fp_line (start 3.005 -2.616) (end 3.005 -0.863) (layer F.SilkS) (width 0.15))
    (fp_line (start 3.005 0.863) (end 3.005 2.616) (layer F.SilkS) (width 0.15))
    (fp_line (start 3.145 -2.516) (end 3.145 -0.764) (layer F.SilkS) (width 0.15))
    (fp_line (start 3.145 0.764) (end 3.145 2.516) (layer F.SilkS) (width 0.15))
    (fp_line (start 3.285 -2.404) (end 3.285 -0.619) (layer F.SilkS) (width 0.15))
    (fp_line (start 3.285 0.619) (end 3.285 2.404) (layer F.SilkS) (width 0.15))
    (fp_line (start 3.425 -2.279) (end 3.425 -0.38) (layer F.SilkS) (width 0.15))
    (fp_line (start 3.425 0.38) (end 3.425 2.279) (layer F.SilkS) (width 0.15))
    (fp_line (start 3.565 -2.136) (end 3.565 2.136) (layer F.SilkS) (width 0.15))
    (fp_line (start 3.705 -1.974) (end 3.705 1.974) (layer F.SilkS) (width 0.15))
    (fp_line (start 3.845 -1.786) (end 3.845 1.786) (layer F.SilkS) (width 0.15))
    (fp_line (start 3.985 -1.563) (end 3.985 1.563) (layer F.SilkS) (width 0.15))
    (fp_line (start 4.125 -1.287) (end 4.125 1.287) (layer F.SilkS) (width 0.15))
    (fp_line (start 4.265 -0.912) (end 4.265 0.912) (layer F.SilkS) (width 0.15))
    (fp_circle (center 2.5 0) (end 2.5 -1) (layer F.SilkS) (width 0.15))
    (fp_circle (center 1.25 0) (end 1.25 -3.1875) (layer F.SilkS) (width 0.15))
    (fp_circle (center 1.25 0) (end 1.25 -3.4) (layer F.CrtYd) (width 0.05))
    (pad 2 thru_hole circle (at 2.5 0 270) (size 1.3 1.3) (drill 0.8) (layers *.Cu *.Mask F.SilkS)
      (net 1 GND))
    (pad 1 thru_hole rect (at 0 0 270) (size 1.3 1.3) (drill 0.8) (layers *.Cu *.Mask F.SilkS)
      (net 2 +12V))
    (model Capacitors_ThroughHole.3dshapes/C_Radial_D6.3_L11.2_P2.5.wrl
      (at (xyz 0 0 0))
      (scale (xyz 1 1 1))
      (rotate (xyz 0 0 0))
    )
  )

  (module smd-handsolder:C_1206_HandSoldering (layer B.Cu) (tedit 541A9C03) (tstamp 59170197)
    (at 96.52 133.35 180)
    (descr "Capacitor SMD 1206, hand soldering")
    (tags "capacitor 1206")
    (path /58D9DEDA)
    (attr smd)
    (fp_text reference C102 (at 0 2.3 180) (layer B.SilkS)
      (effects (font (size 1 1) (thickness 0.15)) (justify mirror))
    )
    (fp_text value C (at 0 -2.3 180) (layer B.Fab)
      (effects (font (size 1 1) (thickness 0.15)) (justify mirror))
    )
    (fp_line (start -1 -1.025) (end 1 -1.025) (layer B.SilkS) (width 0.15))
    (fp_line (start 1 1.025) (end -1 1.025) (layer B.SilkS) (width 0.15))
    (fp_line (start 3.3 1.15) (end 3.3 -1.15) (layer B.CrtYd) (width 0.05))
    (fp_line (start -3.3 1.15) (end -3.3 -1.15) (layer B.CrtYd) (width 0.05))
    (fp_line (start -3.3 -1.15) (end 3.3 -1.15) (layer B.CrtYd) (width 0.05))
    (fp_line (start -3.3 1.15) (end 3.3 1.15) (layer B.CrtYd) (width 0.05))
    (pad 2 smd rect (at 2 0 180) (size 2 1.6) (layers B.Cu B.Paste B.Mask)
      (net 1 GND))
    (pad 1 smd rect (at -2 0 180) (size 2 1.6) (layers B.Cu B.Paste B.Mask)
      (net 3 +5V))
    (model Capacitors_SMD.3dshapes/C_1206_HandSoldering.wrl
      (at (xyz 0 0 0))
      (scale (xyz 1 1 1))
      (rotate (xyz 0 0 0))
    )
  )

  (module th-normal:C_Radial_D6.3_L11.2_P2.5 (layer F.Cu) (tedit 0) (tstamp 591701C4)
    (at 134.62 73.66)
    (descr "Radial Electrolytic Capacitor, Diameter 6.3mm x Length 11.2mm, Pitch 2.5mm")
    (tags "Electrolytic Capacitor")
    (path /58FE8759/58FE8C97)
    (fp_text reference C201 (at 1.25 -4.4) (layer F.SilkS)
      (effects (font (size 1 1) (thickness 0.15)))
    )
    (fp_text value Jamicon_220uF_16V_TKP (at 1.25 4.4) (layer F.Fab)
      (effects (font (size 1 1) (thickness 0.15)))
    )
    (fp_circle (center 1.25 0) (end 1.25 -3.4) (layer F.CrtYd) (width 0.05))
    (fp_circle (center 1.25 0) (end 1.25 -3.1875) (layer F.SilkS) (width 0.15))
    (fp_circle (center 2.5 0) (end 2.5 -1) (layer F.SilkS) (width 0.15))
    (fp_line (start 4.265 -0.912) (end 4.265 0.912) (layer F.SilkS) (width 0.15))
    (fp_line (start 4.125 -1.287) (end 4.125 1.287) (layer F.SilkS) (width 0.15))
    (fp_line (start 3.985 -1.563) (end 3.985 1.563) (layer F.SilkS) (width 0.15))
    (fp_line (start 3.845 -1.786) (end 3.845 1.786) (layer F.SilkS) (width 0.15))
    (fp_line (start 3.705 -1.974) (end 3.705 1.974) (layer F.SilkS) (width 0.15))
    (fp_line (start 3.565 -2.136) (end 3.565 2.136) (layer F.SilkS) (width 0.15))
    (fp_line (start 3.425 0.38) (end 3.425 2.279) (layer F.SilkS) (width 0.15))
    (fp_line (start 3.425 -2.279) (end 3.425 -0.38) (layer F.SilkS) (width 0.15))
    (fp_line (start 3.285 0.619) (end 3.285 2.404) (layer F.SilkS) (width 0.15))
    (fp_line (start 3.285 -2.404) (end 3.285 -0.619) (layer F.SilkS) (width 0.15))
    (fp_line (start 3.145 0.764) (end 3.145 2.516) (layer F.SilkS) (width 0.15))
    (fp_line (start 3.145 -2.516) (end 3.145 -0.764) (layer F.SilkS) (width 0.15))
    (fp_line (start 3.005 0.863) (end 3.005 2.616) (layer F.SilkS) (width 0.15))
    (fp_line (start 3.005 -2.616) (end 3.005 -0.863) (layer F.SilkS) (width 0.15))
    (fp_line (start 2.865 0.931) (end 2.865 2.704) (layer F.SilkS) (width 0.15))
    (fp_line (start 2.865 -2.704) (end 2.865 -0.931) (layer F.SilkS) (width 0.15))
    (fp_line (start 2.725 0.974) (end 2.725 2.783) (layer F.SilkS) (width 0.15))
    (fp_line (start 2.725 -2.783) (end 2.725 -0.974) (layer F.SilkS) (width 0.15))
    (fp_line (start 2.585 0.996) (end 2.585 2.853) (layer F.SilkS) (width 0.15))
    (fp_line (start 2.585 -2.853) (end 2.585 -0.996) (layer F.SilkS) (width 0.15))
    (fp_line (start 2.445 0.998) (end 2.445 2.915) (layer F.SilkS) (width 0.15))
    (fp_line (start 2.445 -2.915) (end 2.445 -0.998) (layer F.SilkS) (width 0.15))
    (fp_line (start 2.305 0.981) (end 2.305 2.968) (layer F.SilkS) (width 0.15))
    (fp_line (start 2.305 -2.968) (end 2.305 -0.981) (layer F.SilkS) (width 0.15))
    (fp_line (start 2.165 0.942) (end 2.165 3.014) (layer F.SilkS) (width 0.15))
    (fp_line (start 2.165 -3.014) (end 2.165 -0.942) (layer F.SilkS) (width 0.15))
    (fp_line (start 2.025 0.88) (end 2.025 3.053) (layer F.SilkS) (width 0.15))
    (fp_line (start 2.025 -3.053) (end 2.025 -0.88) (layer F.SilkS) (width 0.15))
    (fp_line (start 1.885 0.789) (end 1.885 3.085) (layer F.SilkS) (width 0.15))
    (fp_line (start 1.885 -3.085) (end 1.885 -0.789) (layer F.SilkS) (width 0.15))
    (fp_line (start 1.745 0.656) (end 1.745 3.111) (layer F.SilkS) (width 0.15))
    (fp_line (start 1.745 -3.111) (end 1.745 -0.656) (layer F.SilkS) (width 0.15))
    (fp_line (start 1.605 0.446) (end 1.605 3.13) (layer F.SilkS) (width 0.15))
    (fp_line (start 1.605 -3.13) (end 1.605 -0.446) (layer F.SilkS) (width 0.15))
    (fp_line (start 1.465 -3.143) (end 1.465 3.143) (layer F.SilkS) (width 0.15))
    (fp_line (start 1.325 -3.149) (end 1.325 3.149) (layer F.SilkS) (width 0.15))
    (pad 1 thru_hole rect (at 0 0) (size 1.3 1.3) (drill 0.8) (layers *.Cu *.Mask F.SilkS)
      (net 3 +5V))
    (pad 2 thru_hole circle (at 2.5 0) (size 1.3 1.3) (drill 0.8) (layers *.Cu *.Mask F.SilkS)
      (net 1 GND))
    (model Capacitors_ThroughHole.3dshapes/C_Radial_D6.3_L11.2_P2.5.wrl
      (at (xyz 0 0 0))
      (scale (xyz 1 1 1))
      (rotate (xyz 0 0 0))
    )
  )

  (module th-normal:C_Radial_D6.3_L11.2_P2.5 (layer F.Cu) (tedit 0) (tstamp 5917021E)
    (at 92.71 88.86 90)
    (descr "Radial Electrolytic Capacitor, Diameter 6.3mm x Length 11.2mm, Pitch 2.5mm")
    (tags "Electrolytic Capacitor")
    (path /590E1B4E/590E22CB)
    (fp_text reference C402 (at 1.25 4.445 90) (layer F.SilkS)
      (effects (font (size 1 1) (thickness 0.15)))
    )
    (fp_text value Jamicon_220uF_16V_TKP (at 1.25 4.4 90) (layer F.Fab)
      (effects (font (size 1 1) (thickness 0.15)))
    )
    (fp_circle (center 1.25 0) (end 1.25 -3.4) (layer F.CrtYd) (width 0.05))
    (fp_circle (center 1.25 0) (end 1.25 -3.1875) (layer F.SilkS) (width 0.15))
    (fp_circle (center 2.5 0) (end 2.5 -1) (layer F.SilkS) (width 0.15))
    (fp_line (start 4.265 -0.912) (end 4.265 0.912) (layer F.SilkS) (width 0.15))
    (fp_line (start 4.125 -1.287) (end 4.125 1.287) (layer F.SilkS) (width 0.15))
    (fp_line (start 3.985 -1.563) (end 3.985 1.563) (layer F.SilkS) (width 0.15))
    (fp_line (start 3.845 -1.786) (end 3.845 1.786) (layer F.SilkS) (width 0.15))
    (fp_line (start 3.705 -1.974) (end 3.705 1.974) (layer F.SilkS) (width 0.15))
    (fp_line (start 3.565 -2.136) (end 3.565 2.136) (layer F.SilkS) (width 0.15))
    (fp_line (start 3.425 0.38) (end 3.425 2.279) (layer F.SilkS) (width 0.15))
    (fp_line (start 3.425 -2.279) (end 3.425 -0.38) (layer F.SilkS) (width 0.15))
    (fp_line (start 3.285 0.619) (end 3.285 2.404) (layer F.SilkS) (width 0.15))
    (fp_line (start 3.285 -2.404) (end 3.285 -0.619) (layer F.SilkS) (width 0.15))
    (fp_line (start 3.145 0.764) (end 3.145 2.516) (layer F.SilkS) (width 0.15))
    (fp_line (start 3.145 -2.516) (end 3.145 -0.764) (layer F.SilkS) (width 0.15))
    (fp_line (start 3.005 0.863) (end 3.005 2.616) (layer F.SilkS) (width 0.15))
    (fp_line (start 3.005 -2.616) (end 3.005 -0.863) (layer F.SilkS) (width 0.15))
    (fp_line (start 2.865 0.931) (end 2.865 2.704) (layer F.SilkS) (width 0.15))
    (fp_line (start 2.865 -2.704) (end 2.865 -0.931) (layer F.SilkS) (width 0.15))
    (fp_line (start 2.725 0.974) (end 2.725 2.783) (layer F.SilkS) (width 0.15))
    (fp_line (start 2.725 -2.783) (end 2.725 -0.974) (layer F.SilkS) (width 0.15))
    (fp_line (start 2.585 0.996) (end 2.585 2.853) (layer F.SilkS) (width 0.15))
    (fp_line (start 2.585 -2.853) (end 2.585 -0.996) (layer F.SilkS) (width 0.15))
    (fp_line (start 2.445 0.998) (end 2.445 2.915) (layer F.SilkS) (width 0.15))
    (fp_line (start 2.445 -2.915) (end 2.445 -0.998) (layer F.SilkS) (width 0.15))
    (fp_line (start 2.305 0.981) (end 2.305 2.968) (layer F.SilkS) (width 0.15))
    (fp_line (start 2.305 -2.968) (end 2.305 -0.981) (layer F.SilkS) (width 0.15))
    (fp_line (start 2.165 0.942) (end 2.165 3.014) (layer F.SilkS) (width 0.15))
    (fp_line (start 2.165 -3.014) (end 2.165 -0.942) (layer F.SilkS) (width 0.15))
    (fp_line (start 2.025 0.88) (end 2.025 3.053) (layer F.SilkS) (width 0.15))
    (fp_line (start 2.025 -3.053) (end 2.025 -0.88) (layer F.SilkS) (width 0.15))
    (fp_line (start 1.885 0.789) (end 1.885 3.085) (layer F.SilkS) (width 0.15))
    (fp_line (start 1.885 -3.085) (end 1.885 -0.789) (layer F.SilkS) (width 0.15))
    (fp_line (start 1.745 0.656) (end 1.745 3.111) (layer F.SilkS) (width 0.15))
    (fp_line (start 1.745 -3.111) (end 1.745 -0.656) (layer F.SilkS) (width 0.15))
    (fp_line (start 1.605 0.446) (end 1.605 3.13) (layer F.SilkS) (width 0.15))
    (fp_line (start 1.605 -3.13) (end 1.605 -0.446) (layer F.SilkS) (width 0.15))
    (fp_line (start 1.465 -3.143) (end 1.465 3.143) (layer F.SilkS) (width 0.15))
    (fp_line (start 1.325 -3.149) (end 1.325 3.149) (layer F.SilkS) (width 0.15))
    (pad 1 thru_hole rect (at 0 0 90) (size 1.3 1.3) (drill 0.8) (layers *.Cu *.Mask F.SilkS)
      (net 3 +5V))
    (pad 2 thru_hole circle (at 2.5 0 90) (size 1.3 1.3) (drill 0.8) (layers *.Cu *.Mask F.SilkS)
      (net 1 GND))
    (model Capacitors_ThroughHole.3dshapes/C_Radial_D6.3_L11.2_P2.5.wrl
      (at (xyz 0 0 0))
      (scale (xyz 1 1 1))
      (rotate (xyz 0 0 0))
    )
  )

  (module th-normal:C_Radial_D6.3_L11.2_P2.5 (layer F.Cu) (tedit 59176BFE) (tstamp 5917024B)
    (at 58.42 111.72 90)
    (descr "Radial Electrolytic Capacitor, Diameter 6.3mm x Length 11.2mm, Pitch 2.5mm")
    (tags "Electrolytic Capacitor")
    (path /590E1B4E/590E256E)
    (fp_text reference C403 (at 1.25 -4.4 90) (layer F.SilkS)
      (effects (font (size 1 1) (thickness 0.15)))
    )
    (fp_text value Jamicon_220uF_16V_TKP (at 1.25 4.4 90) (layer F.Fab)
      (effects (font (size 1 1) (thickness 0.15)))
    )
    (fp_line (start 1.325 -3.149) (end 1.325 3.149) (layer F.SilkS) (width 0.15))
    (fp_line (start 1.465 -3.143) (end 1.465 3.143) (layer F.SilkS) (width 0.15))
    (fp_line (start 1.605 -3.13) (end 1.605 -0.446) (layer F.SilkS) (width 0.15))
    (fp_line (start 1.605 0.446) (end 1.605 3.13) (layer F.SilkS) (width 0.15))
    (fp_line (start 1.745 -3.111) (end 1.745 -0.656) (layer F.SilkS) (width 0.15))
    (fp_line (start 1.745 0.656) (end 1.745 3.111) (layer F.SilkS) (width 0.15))
    (fp_line (start 1.885 -3.085) (end 1.885 -0.789) (layer F.SilkS) (width 0.15))
    (fp_line (start 1.885 0.789) (end 1.885 3.085) (layer F.SilkS) (width 0.15))
    (fp_line (start 2.025 -3.053) (end 2.025 -0.88) (layer F.SilkS) (width 0.15))
    (fp_line (start 2.025 0.88) (end 2.025 3.053) (layer F.SilkS) (width 0.15))
    (fp_line (start 2.165 -3.014) (end 2.165 -0.942) (layer F.SilkS) (width 0.15))
    (fp_line (start 2.165 0.942) (end 2.165 3.014) (layer F.SilkS) (width 0.15))
    (fp_line (start 2.305 -2.968) (end 2.305 -0.981) (layer F.SilkS) (width 0.15))
    (fp_line (start 2.305 0.981) (end 2.305 2.968) (layer F.SilkS) (width 0.15))
    (fp_line (start 2.445 -2.915) (end 2.445 -0.998) (layer F.SilkS) (width 0.15))
    (fp_line (start 2.445 0.998) (end 2.445 2.915) (layer F.SilkS) (width 0.15))
    (fp_line (start 2.585 -2.853) (end 2.585 -0.996) (layer F.SilkS) (width 0.15))
    (fp_line (start 2.585 0.996) (end 2.585 2.853) (layer F.SilkS) (width 0.15))
    (fp_line (start 2.725 -2.783) (end 2.725 -0.974) (layer F.SilkS) (width 0.15))
    (fp_line (start 2.725 0.974) (end 2.725 2.783) (layer F.SilkS) (width 0.15))
    (fp_line (start 2.865 -2.704) (end 2.865 -0.931) (layer F.SilkS) (width 0.15))
    (fp_line (start 2.865 0.931) (end 2.865 2.704) (layer F.SilkS) (width 0.15))
    (fp_line (start 3.005 -2.616) (end 3.005 -0.863) (layer F.SilkS) (width 0.15))
    (fp_line (start 3.005 0.863) (end 3.005 2.616) (layer F.SilkS) (width 0.15))
    (fp_line (start 3.145 -2.516) (end 3.145 -0.764) (layer F.SilkS) (width 0.15))
    (fp_line (start 3.145 0.764) (end 3.145 2.516) (layer F.SilkS) (width 0.15))
    (fp_line (start 3.285 -2.404) (end 3.285 -0.619) (layer F.SilkS) (width 0.15))
    (fp_line (start 3.285 0.619) (end 3.285 2.404) (layer F.SilkS) (width 0.15))
