(kicad_pcb (version 20170922) (host pcbnew "(2017-11-16 revision 25f9c6e)-master")

  (general
    (thickness 1.6)
    (drawings 18)
    (tracks 345)
    (zones 0)
    (modules 42)
    (nets 34)
  )

  (page A4)
  (title_block
    (date 2017-11-22)
    (rev 2)
  )

  (layers
    (0 F.Cu signal)
    (31 B.Cu signal)
    (32 B.Adhes user)
    (33 F.Adhes user)
    (34 B.Paste user)
    (35 F.Paste user)
    (36 B.SilkS user)
    (37 F.SilkS user)
    (38 B.Mask user)
    (39 F.Mask user)
    (40 Dwgs.User user)
    (41 Cmts.User user)
    (42 Eco1.User user)
    (43 Eco2.User user)
    (44 Edge.Cuts user)
    (45 Margin user)
    (46 B.CrtYd user)
    (47 F.CrtYd user)
    (48 B.Fab user)
    (49 F.Fab user)
  )

  (setup
    (last_trace_width 0.508)
    (trace_clearance 0.3048)
    (zone_clearance 0.508)
    (zone_45_only no)
    (trace_min 0.2)
    (segment_width 0.2)
    (edge_width 0.15)
    (via_size 1.5)
    (via_drill 0.8)
    (via_min_size 0.4)
    (via_min_drill 0.3)
    (uvia_size 0.3)
    (uvia_drill 0.1)
    (uvias_allowed no)
    (uvia_min_size 0.2)
    (uvia_min_drill 0.1)
    (pcb_text_width 0.3)
    (pcb_text_size 1.5 1.5)
    (mod_edge_width 0.15)
    (mod_text_size 1 1)
    (mod_text_width 0.15)
    (pad_size 11 11)
    (pad_drill 11)
    (pad_to_mask_clearance 0.2)
    (aux_axis_origin 0 0)
    (grid_origin 50 50)
    (visible_elements FFFFFF7F)
    (pcbplotparams
      (layerselection 0x010f0_ffffffff)
      (usegerberextensions false)
      (usegerberattributes true)
      (usegerberadvancedattributes true)
      (creategerberjobfile true)
      (excludeedgelayer true)
      (linewidth 0.385000)
      (plotframeref false)
      (viasonmask false)
      (mode 1)
      (useauxorigin false)
      (hpglpennumber 1)
      (hpglpenspeed 20)
      (hpglpendiameter 15)
      (psnegative false)
      (psa4output false)
      (plotreference true)
      (plotvalue true)
      (plotinvisibletext false)
      (padsonsilk false)
      (subtractmaskfromsilk false)
      (outputformat 1)
      (mirror false)
      (drillshape 0)
      (scaleselection 1)
      (outputdirectory seedstudio/))
  )

  (net 0 "")
  (net 1 VCC)
  (net 2 "Net-(C102-Pad1)")
  (net 3 GND)
  (net 4 +3V3)
  (net 5 "Net-(C107-Pad1)")
  (net 6 "Net-(C108-Pad1)")
  (net 7 "Net-(D101-Pad1)")
  (net 8 "Net-(D102-Pad1)")
  (net 9 /SWD_DIO)
  (net 10 /SWD_CLK)
  (net 11 "Net-(P103-Pad6)")
  (net 12 "Net-(P103-Pad8)")
  (net 13 "Net-(P103-Pad9)")
  (net 14 /~RESET)
  (net 15 /TAMPER)
  (net 16 /~RE_RESET)
  (net 17 /IRQ)
  (net 18 /MISO)
  (net 19 /MOSI)
  (net 20 /SCK)
  (net 21 /CS)
  (net 22 "Net-(Q101-Pad1)")
  (net 23 "Net-(Q101-Pad3)")
  (net 24 "Net-(Q102-Pad3)")
  (net 25 "Net-(Q102-Pad1)")
  (net 26 /TX_EN)
  (net 27 "Net-(R105-Pad2)")
  (net 28 "Net-(R107-Pad2)")
  (net 29 /CPU_RX)
  (net 30 /CPU_TX)
  (net 31 "Net-(U103-Pad7)")
  (net 32 /485A)
  (net 33 /485B)

  (net_class Default "This is the default net class."
    (clearance 0.3048)
    (trace_width 0.508)
    (via_dia 1.5)
    (via_drill 0.8)
    (uvia_dia 0.3)
    (uvia_drill 0.1)
    (add_net +3V3)
    (add_net /485A)
    (add_net /485B)
    (add_net /CPU_RX)
    (add_net /CPU_TX)
    (add_net /CS)
    (add_net /IRQ)
    (add_net /MISO)
    (add_net /MOSI)
    (add_net /SCK)
    (add_net /SWD_CLK)
    (add_net /SWD_DIO)
    (add_net /TAMPER)
    (add_net /TX_EN)
    (add_net /~RESET)
    (add_net /~RE_RESET)
    (add_net GND)
    (add_net "Net-(C102-Pad1)")
    (add_net "Net-(C107-Pad1)")
    (add_net "Net-(C108-Pad1)")
    (add_net "Net-(D101-Pad1)")
    (add_net "Net-(D102-Pad1)")
    (add_net "Net-(P103-Pad6)")
    (add_net "Net-(P103-Pad8)")
    (add_net "Net-(P103-Pad9)")
    (add_net "Net-(Q101-Pad1)")
    (add_net "Net-(Q101-Pad3)")
    (add_net "Net-(Q102-Pad1)")
    (add_net "Net-(Q102-Pad3)")
    (add_net "Net-(R105-Pad2)")
    (add_net "Net-(R107-Pad2)")
    (add_net "Net-(U103-Pad7)")
    (add_net VCC)
  )

  (module smd-normal:SOIC-20_7.5x12.8mm_Pitch1.27mm (layer B.Cu) (tedit 54130A77) (tstamp 59207B8E)
    (at 76.035 63.59 90)
    (descr "20-Lead Plastic Small Outline (SO) - Wide, 7.50 mm Body [SOIC] (see Microchip Packaging Specification 00000049BS.pdf)")
    (tags "SOIC 1.27")
    (path /591A19D8)
    (attr smd)
    (fp_text reference U103 (at 2.16 7.5 90) (layer B.SilkS)
      (effects (font (size 1 1) (thickness 0.15)) (justify mirror))
    )
    (fp_text value MKE04P24M48SF0 (at 0 -7.5 90) (layer B.Fab)
      (effects (font (size 1 1) (thickness 0.15)) (justify mirror))
    )
    (fp_line (start -5.95 6.75) (end -5.95 -6.75) (layer B.CrtYd) (width 0.05))
    (fp_line (start 5.95 6.75) (end 5.95 -6.75) (layer B.CrtYd) (width 0.05))
    (fp_line (start -5.95 6.75) (end 5.95 6.75) (layer B.CrtYd) (width 0.05))
    (fp_line (start -5.95 -6.75) (end 5.95 -6.75) (layer B.CrtYd) (width 0.05))
    (fp_line (start -3.875 6.575) (end -3.875 6.24) (layer B.SilkS) (width 0.15))
    (fp_line (start 3.875 6.575) (end 3.875 6.24) (layer B.SilkS) (width 0.15))
    (fp_line (start 3.875 -6.575) (end 3.875 -6.24) (layer B.SilkS) (width 0.15))
    (fp_line (start -3.875 -6.575) (end -3.875 -6.24) (layer B.SilkS) (width 0.15))
    (fp_line (start -3.875 6.575) (end 3.875 6.575) (layer B.SilkS) (width 0.15))
    (fp_line (start -3.875 -6.575) (end 3.875 -6.575) (layer B.SilkS) (width 0.15))
    (fp_line (start -3.875 6.24) (end -5.675 6.24) (layer B.SilkS) (width 0.15))
    (pad 1 smd rect (at -4.7 5.715 90) (size 1.95 0.6) (layers B.Cu B.Paste B.Mask)
      (net 14 /~RESET))
    (pad 2 smd rect (at -4.7 4.445 90) (size 1.95 0.6) (layers B.Cu B.Paste B.Mask)
      (net 9 /SWD_DIO))
    (pad 3 smd rect (at -4.7 3.175 90) (size 1.95 0.6) (layers B.Cu B.Paste B.Mask)
      (net 4 +3V3))
    (pad 4 smd rect (at -4.7 1.905 90) (size 1.95 0.6) (layers B.Cu B.Paste B.Mask)
      (net 3 GND))
    (pad 5 smd rect (at -4.7 0.635 90) (size 1.95 0.6) (layers B.Cu B.Paste B.Mask)
      (net 5 "Net-(C107-Pad1)"))
    (pad 6 smd rect (at -4.7 -0.635 90) (size 1.95 0.6) (layers B.Cu B.Paste B.Mask)
      (net 6 "Net-(C108-Pad1)"))
    (pad 7 smd rect (at -4.7 -1.905 90) (size 1.95 0.6) (layers B.Cu B.Paste B.Mask)
      (net 31 "Net-(U103-Pad7)"))
    (pad 8 smd rect (at -4.7 -3.175 90) (size 1.95 0.6) (layers B.Cu B.Paste B.Mask)
      (net 18 /MISO))
    (pad 9 smd rect (at -4.7 -4.445 90) (size 1.95 0.6) (layers B.Cu B.Paste B.Mask)
      (net 28 "Net-(R107-Pad2)"))
    (pad 10 smd rect (at -4.7 -5.715 90) (size 1.95 0.6) (layers B.Cu B.Paste B.Mask)
      (net 27 "Net-(R105-Pad2)"))
    (pad 11 smd rect (at 4.7 -5.715 90) (size 1.95 0.6) (layers B.Cu B.Paste B.Mask)
      (net 17 /IRQ))
    (pad 12 smd rect (at 4.7 -4.445 90) (size 1.95 0.6) (layers B.Cu B.Paste B.Mask)
      (net 16 /~RE_RESET))
    (pad 13 smd rect (at 4.7 -3.175 90) (size 1.95 0.6) (layers B.Cu B.Paste B.Mask)
      (net 19 /MOSI))
    (pad 14 smd rect (at 4.7 -1.905 90) (size 1.95 0.6) (layers B.Cu B.Paste B.Mask)
      (net 20 /SCK))
    (pad 15 smd rect (at 4.7 -0.635 90) (size 1.95 0.6) (layers B.Cu B.Paste B.Mask)
      (net 15 /TAMPER))
    (pad 16 smd rect (at 4.7 0.635 90) (size 1.95 0.6) (layers B.Cu B.Paste B.Mask)
      (net 21 /CS))
    (pad 17 smd rect (at 4.7 1.905 90) (size 1.95 0.6) (layers B.Cu B.Paste B.Mask)
      (net 30 /CPU_TX))
    (pad 18 smd rect (at 4.7 3.175 90) (size 1.95 0.6) (layers B.Cu B.Paste B.Mask)
      (net 29 /CPU_RX))
    (pad 19 smd rect (at 4.7 4.445 90) (size 1.95 0.6) (layers B.Cu B.Paste B.Mask)
      (net 26 /TX_EN))
    (pad 20 smd rect (at 4.7 5.715 90) (size 1.95 0.6) (layers B.Cu B.Paste B.Mask)
      (net 10 /SWD_CLK))
    (model Housings_SOIC.3dshapes/SOIC-20_7.5x12.8mm_Pitch1.27mm.wrl
      (at (xyz 0 0 0))
      (scale (xyz 1 1 1))
      (rotate (xyz 0 0 0))
    )
  )

  (module th-normal:Pin_Header_Straight_1x08 locked (layer F.Cu) (tedit 59230ADF) (tstamp 59207AA8)
    (at 66.1 52.3 90)
    (descr "Through hole pin header")
    (tags "pin header")
    (path /591A1E5B)
    (fp_text reference P105 (at -0.24 21.365 180) (layer F.SilkS)
      (effects (font (size 1 1) (thickness 0.15)))
    )
    (fp_text value CONN_01X08 (at 0 -3.1 90) (layer F.Fab)
      (effects (font (size 1 1) (thickness 0.15)))
    )
    (fp_line (start -1.75 -1.75) (end -1.75 19.55) (layer F.CrtYd) (width 0.05))
    (fp_line (start 1.75 -1.75) (end 1.75 19.55) (layer F.CrtYd) (width 0.05))
    (fp_line (start -1.75 -1.75) (end 1.75 -1.75) (layer F.CrtYd) (width 0.05))
    (fp_line (start -1.75 19.55) (end 1.75 19.55) (layer F.CrtYd) (width 0.05))
    (fp_line (start 1.27 1.27) (end 1.27 19.05) (layer F.SilkS) (width 0.15))
    (fp_line (start 1.27 19.05) (end -1.27 19.05) (layer F.SilkS) (width 0.15))
    (fp_line (start -1.27 19.05) (end -1.27 1.27) (layer F.SilkS) (width 0.15))
    (fp_line (start 1.55 -1.55) (end 1.55 0) (layer F.SilkS) (width 0.15))
    (fp_line (start 1.27 1.27) (end -1.27 1.27) (layer F.SilkS) (width 0.15))
    (fp_line (start -1.55 0) (end -1.55 -1.55) (layer F.SilkS) (width 0.15))
    (fp_line (start -1.55 -1.55) (end 1.55 -1.55) (layer F.SilkS) (width 0.15))
    (pad 1 thru_hole oval (at 0 0 90) (size 2.032 1.7272) (drill 1) (layers *.Cu *.Mask F.SilkS)
      (net 4 +3V3))
    (pad 2 thru_hole oval (at 0 2.54 90) (size 2.032 1.7272) (drill 1) (layers *.Cu *.Mask F.SilkS)
      (net 16 /~RE_RESET))
    (pad 3 thru_hole oval (at 0 5.08 90) (size 2.032 1.7272) (drill 1) (layers *.Cu *.Mask F.SilkS)
      (net 3 GND))
    (pad 4 thru_hole oval (at 0 7.62 90) (size 2.032 1.7272) (drill 1) (layers *.Cu *.Mask F.SilkS)
      (net 17 /IRQ))
    (pad 5 thru_hole oval (at 0 10.16 90) (size 2.032 1.7272) (drill 1) (layers *.Cu *.Mask F.SilkS)
      (net 18 /MISO))
    (pad 6 thru_hole oval (at 0 12.7 90) (size 2.032 1.7272) (drill 1) (layers *.Cu *.Mask F.SilkS)
      (net 19 /MOSI))
    (pad 7 thru_hole oval (at 0 15.24 90) (size 2.032 1.7272) (drill 1) (layers *.Cu *.Mask F.SilkS)
      (net 20 /SCK))
    (pad 8 thru_hole rect (at 0 17.78 90) (size 2.032 1.7272) (drill 1) (layers *.Cu *.Mask F.SilkS)
      (net 21 /CS))
    (model Pin_Headers.3dshapes/Pin_Header_Straight_1x08.wrl
      (at (xyz 0 -0.35 0))
      (scale (xyz 1 1 1))
      (rotate (xyz 0 0 90))
    )
  )

  (module Mounting_Holes:MountingHole_6mm (layer F.Cu) (tedit 592061D1) (tstamp 592094B8)
    (at 75.4 88.1)
    (descr "Mounting hole, Befestigungsbohrung, 6mm, No Annular, Kein Restring,")
    (tags "Mounting hole, Befestigungsbohrung, 6mm, No Annular, Kein Restring,")
    (fp_text reference REF** (at 0 -8.001) (layer F.SilkS) hide
      (effects (font (size 1 1) (thickness 0.15)))
    )
    (fp_text value MountingHole_6mm (at 1.00076 8.001) (layer F.Fab)
      (effects (font (size 1 1) (thickness 0.15)))
    )
    (fp_circle (center 0 0) (end 6 0) (layer Cmts.User) (width 0.381))
    (pad "" thru_hole circle (at 0 0) (size 11 11) (drill 11) (layers *.Cu))
  )

  (module th-normal:Pin_Header_Straight_2x05 (layer F.Cu) (tedit 591EFE58) (tstamp 59207A80)
    (at 94.45 67.78)
    (descr "Through hole pin header")
    (tags "pin header")
    (path /591B7E46)
    (fp_text reference P103 (at 1.905 12.7) (layer F.SilkS)
      (effects (font (size 1 1) (thickness 0.15)))
    )
    (fp_text value CONN_02X05 (at 0 -3.1) (layer F.Fab)
      (effects (font (size 1 1) (thickness 0.15)))
    )
    (fp_line (start -1.75 -1.75) (end -1.75 11.95) (layer F.CrtYd) (width 0.05))
    (fp_line (start 4.3 -1.75) (end 4.3 11.95) (layer F.CrtYd) (width 0.05))
    (fp_line (start -1.75 -1.75) (end 4.3 -1.75) (layer F.CrtYd) (width 0.05))
    (fp_line (start -1.75 11.95) (end 4.3 11.95) (layer F.CrtYd) (width 0.05))
    (fp_line (start 3.81 -1.27) (end 3.81 11.43) (layer F.SilkS) (width 0.15))
    (fp_line (start 3.81 11.43) (end -1.27 11.43) (layer F.SilkS) (width 0.15))
    (fp_line (start -1.27 11.43) (end -1.27 1.27) (layer F.SilkS) (width 0.15))
    (fp_line (start 3.81 -1.27) (end 1.27 -1.27) (layer F.SilkS) (width 0.15))
    (fp_line (start 0 -1.55) (end -1.55 -1.55) (layer F.SilkS) (width 0.15))
    (fp_line (start 1.27 -1.27) (end 1.27 1.27) (layer F.SilkS) (width 0.15))
    (fp_line (start 1.27 1.27) (end -1.27 1.27) (layer F.SilkS) (width 0.15))
    (fp_line (start -1.55 -1.55) (end -1.55 0) (layer F.SilkS) (width 0.15))
    (pad 1 thru_hole rect (at 0 0) (size 1.7272 1.7272) (drill 1) (layers *.Cu *.Mask F.SilkS)
      (net 4 +3V3))
    (pad 2 thru_hole oval (at 2.54 0) (size 1.7272 1.7272) (drill 1) (layers *.Cu *.Mask F.SilkS)
      (net 9 /SWD_DIO))
    (pad 3 thru_hole oval (at 0 2.54) (size 1.7272 1.7272) (drill 1) (layers *.Cu *.Mask F.SilkS)
      (net 3 GND))
    (pad 4 thru_hole oval (at 2.54 2.54) (size 1.7272 1.7272) (drill 1) (layers *.Cu *.Mask F.SilkS)
      (net 10 /SWD_CLK))
    (pad 5 thru_hole oval (at 0 5.08) (size 1.7272 1.7272) (drill 1) (layers *.Cu *.Mask F.SilkS)
      (net 3 GND))
    (pad 6 thru_hole oval (at 2.54 5.08) (size 1.7272 1.7272) (drill 1) (layers *.Cu *.Mask F.SilkS)
      (net 11 "Net-(P103-Pad6)"))
    (pad 8 thru_hole oval (at 2.54 7.62) (size 1.7272 1.7272) (drill 1) (layers *.Cu *.Mask F.SilkS)
      (net 12 "Net-(P103-Pad8)"))
    (pad 9 thru_hole oval (at 0 10.16) (size 1.7272 1.7272) (drill 1) (layers *.Cu *.Mask F.SilkS)
      (net 13 "Net-(P103-Pad9)"))
    (pad 10 thru_hole oval (at 2.54 10.16) (size 1.7272 1.7272) (drill 1) (layers *.Cu *.Mask F.SilkS)
      (net 14 /~RESET))
    (model Pin_Headers.3dshapes/Pin_Header_Straight_2x05.wrl
      (at (xyz 0.05 -0.2 0))
      (scale (xyz 1 1 1))
      (rotate (xyz 0 0 90))
    )
  )

  (module th-normal:C_Radial_D6.3_L11.2_P2.5 (layer F.Cu) (tedit 591EF787) (tstamp 592079BE)
    (at 63.97 61.43)
    (descr "Radial Electrolytic Capacitor, Diameter 6.3mm x Length 11.2mm, Pitch 2.5mm")
    (tags "Electrolytic Capacitor")
    (path /591EC072)
    (fp_text reference C110 (at 1.27 -4.445) (layer F.SilkS)
      (effects (font (size 1 1) (thickness 0.15)))
    )
    (fp_text value Jamicon_220uF_16V_TKP (at 1.25 4.4) (layer F.Fab)
      (effects (font (size 1 1) (thickness 0.15)))
    )
    (fp_circle (center 1.25 0) (end 1.25 -3.4) (layer F.CrtYd) (width 0.05))
    (fp_circle (center 1.25 0) (end 1.25 -3.1875) (layer F.SilkS) (width 0.15))
    (fp_circle (center 2.5 0) (end 2.5 -1) (layer F.SilkS) (width 0.15))
    (fp_line (start 4.265 -0.912) (end 4.265 0.912) (layer F.SilkS) (width 0.15))
    (fp_line (start 4.125 -1.287) (end 4.125 1.287) (layer F.SilkS) (width 0.15))
    (fp_line (start 3.985 -1.563) (end 3.985 1.563) (layer F.SilkS) (width 0.15))
    (fp_line (start 3.845 -1.786) (end 3.845 1.786) (layer F.SilkS) (width 0.15))
    (fp_line (start 3.705 -1.974) (end 3.705 1.974) (layer F.SilkS) (width 0.15))
    (fp_line (start 3.565 -2.136) (end 3.565 2.136) (layer F.SilkS) (width 0.15))
    (fp_line (start 3.425 0.38) (end 3.425 2.279) (layer F.SilkS) (width 0.15))
    (fp_line (start 3.425 -2.279) (end 3.425 -0.38) (layer F.SilkS) (width 0.15))
    (fp_line (start 3.285 0.619) (end 3.285 2.404) (layer F.SilkS) (width 0.15))
    (fp_line (start 3.285 -2.404) (end 3.285 -0.619) (layer F.SilkS) (width 0.15))
    (fp_line (start 3.145 0.764) (end 3.145 2.516) (layer F.SilkS) (width 0.15))
    (fp_line (start 3.145 -2.516) (end 3.145 -0.764) (layer F.SilkS) (width 0.15))
    (fp_line (start 3.005 0.863) (end 3.005 2.616) (layer F.SilkS) (width 0.15))
    (fp_line (start 3.005 -2.616) (end 3.005 -0.863) (layer F.SilkS) (width 0.15))
    (fp_line (start 2.865 0.931) (end 2.865 2.704) (layer F.SilkS) (width 0.15))
    (fp_line (start 2.865 -2.704) (end 2.865 -0.931) (layer F.SilkS) (width 0.15))
    (fp_line (start 2.725 0.974) (end 2.725 2.783) (layer F.SilkS) (width 0.15))
    (fp_line (start 2.725 -2.783) (end 2.725 -0.974) (layer F.SilkS) (width 0.15))
    (fp_line (start 2.585 0.996) (end 2.585 2.853) (layer F.SilkS) (width 0.15))
    (fp_line (start 2.585 -2.853) (end 2.585 -0.996) (layer F.SilkS) (width 0.15))
    (fp_line (start 2.445 0.998) (end 2.445 2.915) (layer F.SilkS) (width 0.15))
    (fp_line (start 2.445 -2.915) (end 2.445 -0.998) (layer F.SilkS) (width 0.15))
    (fp_line (start 2.305 0.981) (end 2.305 2.968) (layer F.SilkS) (width 0.15))
    (fp_line (start 2.305 -2.968) (end 2.305 -0.981) (layer F.SilkS) (width 0.15))
    (fp_line (start 2.165 0.942) (end 2.165 3.014) (layer F.SilkS) (width 0.15))
    (fp_line (start 2.165 -3.014) (end 2.165 -0.942) (layer F.SilkS) (width 0.15))
    (fp_line (start 2.025 0.88) (end 2.025 3.053) (layer F.SilkS) (width 0.15))
    (fp_line (start 2.025 -3.053) (end 2.025 -0.88) (layer F.SilkS) (width 0.15))
    (fp_line (start 1.885 0.789) (end 1.885 3.085) (layer F.SilkS) (width 0.15))
    (fp_line (start 1.885 -3.085) (end 1.885 -0.789) (layer F.SilkS) (width 0.15))
    (fp_line (start 1.745 0.656) (end 1.745 3.111) (layer F.SilkS) (width 0.15))
    (fp_line (start 1.745 -3.111) (end 1.745 -0.656) (layer F.SilkS) (width 0.15))
    (fp_line (start 1.605 0.446) (end 1.605 3.13) (layer F.SilkS) (width 0.15))
    (fp_line (start 1.605 -3.13) (end 1.605 -0.446) (layer F.SilkS) (width 0.15))
    (fp_line (start 1.465 -3.143) (end 1.465 3.143) (layer F.SilkS) (width 0.15))
    (fp_line (start 1.325 -3.149) (end 1.325 3.149) (layer F.SilkS) (width 0.15))
    (pad 1 thru_hole rect (at 0 0) (size 1.3 1.3) (drill 0.8) (layers *.Cu *.Mask F.SilkS)
      (net 4 +3V3))
    (pad 2 thru_hole circle (at 2.5 0) (size 1.3 1.3) (drill 0.8) (layers *.Cu *.Mask F.SilkS)
      (net 3 GND))
    (model Capacitors_ThroughHole.3dshapes/C_Radial_D6.3_L11.2_P2.5.wrl
      (at (xyz 0 0 0))
      (scale (xyz 1 1 1))
      (rotate (xyz 0 0 0))
    )
  )

  (module Mounting_Holes:MountingHole_4mm (layer F.Cu) (tedit 591EFF1F) (tstamp 5920866B)
    (at 95 95)
    (descr "Mounting hole, Befestigungsbohrung, 4mm, No Annular, Kein Restring,")
    (tags "Mounting hole, Befestigungsbohrung, 4mm, No Annular, Kein Restring,")
    (fp_text reference REF** (at 0 -5.4991) (layer F.SilkS) hide
      (effects (font (size 1 1) (thickness 0.15)))
    )
    (fp_text value MountingHole_4mm (at 0 5.99948) (layer F.Fab)
      (effects (font (size 1 1) (thickness 0.15)))
    )
    (fp_circle (center 0 0) (end 4 0) (layer Cmts.User) (width 0.381))
    (pad 1 thru_hole circle (at 0 0) (size 4 4) (drill 4) (layers))
  )

  (module Mounting_Holes:MountingHole_4mm (layer F.Cu) (tedit 591EFF18) (tstamp 59208666)
    (at 55 95)
    (descr "Mounting hole, Befestigungsbohrung, 4mm, No Annular, Kein Restring,")
    (tags "Mounting hole, Befestigungsbohrung, 4mm, No Annular, Kein Restring,")
    (fp_text reference REF** (at 0 -5.4991) (layer F.SilkS) hide
      (effects (font (size 1 1) (thickness 0.15)))
    )
    (fp_text value MountingHole_4mm (at 0 5.99948) (layer F.Fab)
      (effects (font (size 1 1) (thickness 0.15)))
    )
    (fp_circle (center 0 0) (end 4 0) (layer Cmts.User) (width 0.381))
    (pad 1 thru_hole circle (at 0 0) (size 4 4) (drill 4) (layers))
  )

  (module Mounting_Holes:MountingHole_4mm (layer F.Cu) (tedit 591EFF2F) (tstamp 592083F0)
    (at 95 56)
    (descr "Mounting hole, Befestigungsbohrung, 4mm, No Annular, Kein Restring,")
    (tags "Mounting hole, Befestigungsbohrung, 4mm, No Annular, Kein Restring,")
    (fp_text reference REF** (at 0 -5.4991) (layer F.SilkS) hide
      (effects (font (size 1 1) (thickness 0.15)))
    )
    (fp_text value MountingHole_4mm (at 0 5.99948) (layer F.Fab)
      (effects (font (size 1 1) (thickness 0.15)))
    )
    (fp_circle (center 0 0) (end 4 0) (layer Cmts.User) (width 0.381))
    (pad 1 thru_hole circle (at 0 0) (size 4 4) (drill 4) (layers))
  )

  (module Mounting_Holes:MountingHole_4mm (layer F.Cu) (tedit 591EFF35) (tstamp 592083EA)
    (at 55 56)
    (descr "Mounting hole, Befestigungsbohrung, 4mm, No Annular, Kein Restring,")
    (tags "Mounting hole, Befestigungsbohrung, 4mm, No Annular, Kein Restring,")
    (fp_text reference REF** (at 0 -5.4991) (layer F.SilkS) hide
      (effects (font (size 1 1) (thickness 0.15)))
    )
    (fp_text value MountingHole_4mm (at 0 5.99948) (layer F.Fab)
      (effects (font (size 1 1) (thickness 0.15)))
    )
    (fp_circle (center 0 0) (end 4 0) (layer Cmts.User) (width 0.381))
    (pad 1 thru_hole circle (at 0 0) (size 4 4) (drill 4) (layers))
  )

  (module smd-handsolder:C_1206_HandSoldering (layer B.Cu) (tedit 541A9C03) (tstamp 59207910)
    (at 83.02 95.72 270)
    (descr "Capacitor SMD 1206, hand soldering")
    (tags "capacitor 1206")
    (path /591A26E0)
    (attr smd)
    (fp_text reference C101 (at 1.27 -2.54 270) (layer B.SilkS)
      (effects (font (size 1 1) (thickness 0.15)) (justify mirror))
    )
    (fp_text value C (at 0 -2.3 270) (layer B.Fab)
      (effects (font (size 1 1) (thickness 0.15)) (justify mirror))
    )
    (fp_line (start -1 -1.025) (end 1 -1.025) (layer B.SilkS) (width 0.15))
    (fp_line (start 1 1.025) (end -1 1.025) (layer B.SilkS) (width 0.15))
    (fp_line (start 3.3 1.15) (end 3.3 -1.15) (layer B.CrtYd) (width 0.05))
    (fp_line (start -3.3 1.15) (end -3.3 -1.15) (layer B.CrtYd) (width 0.05))
    (fp_line (start -3.3 -1.15) (end 3.3 -1.15) (layer B.CrtYd) (width 0.05))
    (fp_line (start -3.3 1.15) (end 3.3 1.15) (layer B.CrtYd) (width 0.05))
    (pad 2 smd rect (at 2 0 270) (size 2 1.6) (layers B.Cu B.Paste B.Mask)
      (net 3 GND))
    (pad 1 smd rect (at -2 0 270) (size 2 1.6) (layers B.Cu B.Paste B.Mask)
      (net 1 VCC))
    (model Capacitors_SMD.3dshapes/C_1206_HandSoldering.wrl
      (at (xyz 0 0 0))
      (scale (xyz 1 1 1))
      (rotate (xyz 0 0 0))
    )
  )

  (module smd-handsolder:C_1206_HandSoldering (layer B.Cu) (tedit 541A9C03) (tstamp 5920791C)
    (at 72.86 96.99 180)
    (descr "Capacitor SMD 1206, hand soldering")
    (tags "capacitor 1206")
    (path /591A272E)
    (attr smd)
    (fp_text reference C102 (at 0 2.3 180) (layer B.SilkS)
      (effects (font (size 1 1) (thickness 0.15)) (justify mirror))
    )
    (fp_text value C (at 0 -2.3 180) (layer B.Fab)
      (effects (font (size 1 1) (thickness 0.15)) (justify mirror))
    )
    (fp_line (start -3.3 1.15) (end 3.3 1.15) (layer B.CrtYd) (width 0.05))
    (fp_line (start -3.3 -1.15) (end 3.3 -1.15) (layer B.CrtYd) (width 0.05))
    (fp_line (start -3.3 1.15) (end -3.3 -1.15) (layer B.CrtYd) (width 0.05))
    (fp_line (start 3.3 1.15) (end 3.3 -1.15) (layer B.CrtYd) (width 0.05))
    (fp_line (start 1 1.025) (end -1 1.025) (layer B.SilkS) (width 0.15))
    (fp_line (start -1 -1.025) (end 1 -1.025) (layer B.SilkS) (width 0.15))
    (pad 1 smd rect (at -2 0 180) (size 2 1.6) (layers B.Cu B.Paste B.Mask)
      (net 2 "Net-(C102-Pad1)"))
    (pad 2 smd rect (at 2 0 180) (size 2 1.6) (layers B.Cu B.Paste B.Mask)
      (net 3 GND))
    (model Capacitors_SMD.3dshapes/C_1206_HandSoldering.wrl
      (at (xyz 0 0 0))
      (scale (xyz 1 1 1))
      (rotate (xyz 0 0 0))
    )
  )

  (module smd-handsolder:C_1206_HandSoldering (layer B.Cu) (tedit 541A9C03) (tstamp 59207928)
    (at 88.1 85.56 180)
    (descr "Capacitor SMD 1206, hand soldering")
    (tags "capacitor 1206")
    (path /591A2FC4)
    (attr smd)
    (fp_text reference C103 (at -2.54 -4.445 180) (layer B.SilkS)
      (effects (font (size 1 1) (thickness 0.15)) (justify mirror))
    )
    (fp_text value C (at 0 -2.3 180) (layer B.Fab)
      (effects (font (size 1 1) (thickness 0.15)) (justify mirror))
    )
    (fp_line (start -3.3 1.15) (end 3.3 1.15) (layer B.CrtYd) (width 0.05))
    (fp_line (start -3.3 -1.15) (end 3.3 -1.15) (layer B.CrtYd) (width 0.05))
    (fp_line (start -3.3 1.15) (end -3.3 -1.15) (layer B.CrtYd) (width 0.05))
    (fp_line (start 3.3 1.15) (end 3.3 -1.15) (layer B.CrtYd) (width 0.05))
    (fp_line (start 1 1.025) (end -1 1.025) (layer B.SilkS) (width 0.15))
    (fp_line (start -1 -1.025) (end 1 -1.025) (layer B.SilkS) (width 0.15))
    (pad 1 smd rect (at -2 0 180) (size 2 1.6) (layers B.Cu B.Paste B.Mask)
      (net 1 VCC))
    (pad 2 smd rect (at 2 0 180) (size 2 1.6) (layers B.Cu B.Paste B.Mask)
      (net 3 GND))
    (model Capacitors_SMD.3dshapes/C_1206_HandSoldering.wrl
      (at (xyz 0 0 0))
      (scale (xyz 1 1 1))
      (rotate (xyz 0 0 0))
    )
  )

  (module smd-handsolder:C_1206_HandSoldering (layer B.Cu) (tedit 541A9C03) (tstamp 59207934)
    (at 65.24 96.99)
    (descr "Capacitor SMD 1206, hand soldering")
    (tags "capacitor 1206")
    (path /591A1F28)
    (attr smd)
    (fp_text reference C104 (at -5.715 0) (layer B.SilkS)
      (effects (font (size 1 1) (thickness 0.15)) (justify mirror))
    )
    (fp_text value C (at 0 -2.3) (layer B.Fab)
      (effects (font (size 1 1) (thickness 0.15)) (justify mirror))
    )
    (fp_line (start -3.3 1.15) (end 3.3 1.15) (layer B.CrtYd) (width 0.05))
    (fp_line (start -3.3 -1.15) (end 3.3 -1.15) (layer B.CrtYd) (width 0.05))
    (fp_line (start -3.3 1.15) (end -3.3 -1.15) (layer B.CrtYd) (width 0.05))
    (fp_line (start 3.3 1.15) (end 3.3 -1.15) (layer B.CrtYd) (width 0.05))
    (fp_line (start 1 1.025) (end -1 1.025) (layer B.SilkS) (width 0.15))
    (fp_line (start -1 -1.025) (end 1 -1.025) (layer B.SilkS) (width 0.15))
    (pad 1 smd rect (at -2 0) (size 2 1.6) (layers B.Cu B.Paste B.Mask)
      (net 1 VCC))
    (pad 2 smd rect (at 2 0) (size 2 1.6) (layers B.Cu B.Paste B.Mask)
      (net 3 GND))
    (model Capacitors_SMD.3dshapes/C_1206_HandSoldering.wrl
      (at (xyz 0 0 0))
      (scale (xyz 1 1 1))
      (rotate (xyz 0 0 0))
    )
  )

  (module th-normal:C_Radial_D6.3_L11.2_P2.5 (layer F.Cu) (tedit 0) (tstamp 59207961)
    (at 55.12 86.83)
    (descr "Radial Electrolytic Capacitor, Diameter 6.3mm x Length 11.2mm, Pitch 2.5mm")
    (tags "Electrolytic Capacitor")
    (path /591EC4FC)
    (fp_text reference C105 (at 1.25 -4.4) (layer F.SilkS)
      (effects (font (size 1 1) (thickness 0.15)))
    )
    (fp_text value Jamicon_220uF_16V_TKP (at 1.25 4.4) (layer F.Fab)
      (effects (font (size 1 1) (thickness 0.15)))
    )
    (fp_line (start 1.325 -3.149) (end 1.325 3.149) (layer F.SilkS) (width 0.15))
    (fp_line (start 1.465 -3.143) (end 1.465 3.143) (layer F.SilkS) (width 0.15))
    (fp_line (start 1.605 -3.13) (end 1.605 -0.446) (layer F.SilkS) (width 0.15))
    (fp_line (start 1.605 0.446) (end 1.605 3.13) (layer F.SilkS) (width 0.15))
    (fp_line (start 1.745 -3.111) (end 1.745 -0.656) (layer F.SilkS) (width 0.15))
    (fp_line (start 1.745 0.656) (end 1.745 3.111) (layer F.SilkS) (width 0.15))
    (fp_line (start 1.885 -3.085) (end 1.885 -0.789) (layer F.SilkS) (width 0.15))
    (fp_line (start 1.885 0.789) (end 1.885 3.085) (layer F.SilkS) (width 0.15))
    (fp_line (start 2.025 -3.053) (end 2.025 -0.88) (layer F.SilkS) (width 0.15))
    (fp_line (start 2.025 0.88) (end 2.025 3.053) (layer F.SilkS) (width 0.15))
    (fp_line (start 2.165 -3.014) (end 2.165 -0.942) (layer F.SilkS) (width 0.15))
    (fp_line (start 2.165 0.942) (end 2.165 3.014) (layer F.SilkS) (width 0.15))
    (fp_line (start 2.305 -2.968) (end 2.305 -0.981) (layer F.SilkS) (width 0.15))
    (fp_line (start 2.305 0.981) (end 2.305 2.968) (layer F.SilkS) (width 0.15))
    (fp_line (start 2.445 -2.915) (end 2.445 -0.998) (layer F.SilkS) (width 0.15))
    (fp_line (start 2.445 0.998) (end 2.445 2.915) (layer F.SilkS) (width 0.15))
    (fp_line (start 2.585 -2.853) (end 2.585 -0.996) (layer F.SilkS) (width 0.15))
    (fp_line (start 2.585 0.996) (end 2.585 2.853) (layer F.SilkS) (width 0.15))
    (fp_line (start 2.725 -2.783) (end 2.725 -0.974) (layer F.SilkS) (width 0.15))
    (fp_line (start 2.725 0.974) (end 2.725 2.783) (layer F.SilkS) (width 0.15))
    (fp_line (start 2.865 -2.704) (end 2.865 -0.931) (layer F.SilkS) (width 0.15))
    (fp_line (start 2.865 0.931) (end 2.865 2.704) (layer F.SilkS) (width 0.15))
    (fp_line (start 3.005 -2.616) (end 3.005 -0.863) (layer F.SilkS) (width 0.15))
    (fp_line (start 3.005 0.863) (end 3.005 2.616) (layer F.SilkS) (width 0.15))
    (fp_line (start 3.145 -2.516) (end 3.145 -0.764) (layer F.SilkS) (width 0.15))
    (fp_line (start 3.145 0.764) (end 3.145 2.516) (layer F.SilkS) (width 0.15))
    (fp_line (start 3.285 -2.404) (end 3.285 -0.619) (layer F.SilkS) (width 0.15))
    (fp_line (start 3.285 0.619) (end 3.285 2.404) (layer F.SilkS) (width 0.15))
    (fp_line (start 3.425 -2.279) (end 3.425 -0.38) (layer F.SilkS) (width 0.15))
    (fp_line (start 3.425 0.38) (end 3.425 2.279) (layer F.SilkS) (width 0.15))
    (fp_line (start 3.565 -2.136) (end 3.565 2.136) (layer F.SilkS) (width 0.15))
    (fp_line (start 3.705 -1.974) (end 3.705 1.974) (layer F.SilkS) (width 0.15))
    (fp_line (start 3.845 -1.786) (end 3.845 1.786) (layer F.SilkS) (width 0.15))
    (fp_line (start 3.985 -1.563) (end 3.985 1.563) (layer F.SilkS) (width 0.15))
    (fp_line (start 4.125 -1.287) (end 4.125 1.287) (layer F.SilkS) (width 0.15))
    (fp_line (start 4.265 -0.912) (end 4.265 0.912) (layer F.SilkS) (width 0.15))
    (fp_circle (center 2.5 0) (end 2.5 -1) (layer F.SilkS) (width 0.15))
    (fp_circle (center 1.25 0) (end 1.25 -3.1875) (layer F.SilkS) (width 0.15))
    (fp_circle (center 1.25 0) (end 1.25 -3.4) (layer F.CrtYd) (width 0.05))
    (pad 2 thru_hole circle (at 2.5 0) (size 1.3 1.3) (drill 0.8) (layers *.Cu *.Mask F.SilkS)
      (net 3 GND))
    (pad 1 thru_hole rect (at 0 0) (size 1.3 1.3) (drill 0.8) (layers *.Cu *.Mask F.SilkS)
      (net 1 VCC))
    (model Capacitors_ThroughHole.3dshapes/C_Radial_D6.3_L11.2_P2.5.wrl
      (at (xyz 0 0 0))
      (scale (xyz 1 1 1))
      (rotate (xyz 0 0 0))
    )
  )

  (module smd-handsolder:C_1206_HandSoldering (layer B.Cu) (tedit 541A9C03) (tstamp 5920796D)
    (at 76.67 80.48 180)
    (descr "Capacitor SMD 1206, hand soldering")
    (tags "capacitor 1206")
    (path /591A27D8)
    (attr smd)
    (fp_text reference C106 (at 12.7 -1.905 180) (layer B.SilkS)
      (effects (font (size 1 1) (thickness 0.15)) (justify mirror))
    )
    (fp_text value C (at 0 -2.3 180) (layer B.Fab)
      (effects (font (size 1 1) (thickness 0.15)) (justify mirror))
    )
    (fp_line (start -1 -1.025) (end 1 -1.025) (layer B.SilkS) (width 0.15))
    (fp_line (start 1 1.025) (end -1 1.025) (layer B.SilkS) (width 0.15))
    (fp_line (start 3.3 1.15) (end 3.3 -1.15) (layer B.CrtYd) (width 0.05))
    (fp_line (start -3.3 1.15) (end -3.3 -1.15) (layer B.CrtYd) (width 0.05))
    (fp_line (start -3.3 -1.15) (end 3.3 -1.15) (layer B.CrtYd) (width 0.05))
    (fp_line (start -3.3 1.15) (end 3.3 1.15) (layer B.CrtYd) (width 0.05))
    (pad 2 smd rect (at 2 0 180) (size 2 1.6) (layers B.Cu B.Paste B.Mask)
      (net 3 GND))
    (pad 1 smd rect (at -2 0 180) (size 2 1.6) (layers B.Cu B.Paste B.Mask)
      (net 4 +3V3))
    (model Capacitors_SMD.3dshapes/C_1206_HandSoldering.wrl
      (at (xyz 0 0 0))
      (scale (xyz 1 1 1))
      (rotate (xyz 0 0 0))
    )
  )

  (module smd-handsolder:C_1206_HandSoldering (layer B.Cu) (tedit 541A9C03) (tstamp 59207979)
    (at 80.48 77.94)
    (descr "Capacitor SMD 1206, hand soldering")
    (tags "capacitor 1206")
    (path /591E14AD)
    (attr smd)
    (fp_text reference C107 (at -13.97 2.54) (layer B.SilkS)
      (effects (font (size 1 1) (thickness 0.15)) (justify mirror))
    )
    (fp_text value C (at 0 -2.3) (layer B.Fab)
      (effects (font (size 1 1) (thickness 0.15)) (justify mirror))
    )
    (fp_line (start -1 -1.025) (end 1 -1.025) (layer B.SilkS) (width 0.15))
    (fp_line (start 1 1.025) (end -1 1.025) (layer B.SilkS) (width 0.15))
    (fp_line (start 3.3 1.15) (end 3.3 -1.15) (layer B.CrtYd) (width 0.05))
    (fp_line (start -3.3 1.15) (end -3.3 -1.15) (layer B.CrtYd) (width 0.05))
    (fp_line (start -3.3 -1.15) (end 3.3 -1.15) (layer B.CrtYd) (width 0.05))
    (fp_line (start -3.3 1.15) (end 3.3 1.15) (layer B.CrtYd) (width 0.05))
    (pad 2 smd rect (at 2 0) (size 2 1.6) (layers B.Cu B.Paste B.Mask)
      (net 3 GND))
    (pad 1 smd rect (at -2 0) (size 2 1.6) (layers B.Cu B.Paste B.Mask)
      (net 5 "Net-(C107-Pad1)"))
    (model Capacitors_SMD.3dshapes/C_1206_HandSoldering.wrl
      (at (xyz 0 0 0))
      (scale (xyz 1 1 1))
      (rotate (xyz 0 0 0))
    )
  )

  (module smd-handsolder:C_1206_HandSoldering (layer B.Cu) (tedit 541A9C03) (tstamp 59207985)
    (at 73.59 77.94 180)
    (descr "Capacitor SMD 1206, hand soldering")
    (tags "capacitor 1206")
    (path /591E155E)
    (attr smd)
    (fp_text reference C108 (at 11.525 -2.54 180) (layer B.SilkS)
      (effects (font (size 1 1) (thickness 0.15)) (justify mirror))
    )
    (fp_text value C (at 0 -2.3 180) (layer B.Fab)
      (effects (font (size 1 1) (thickness 0.15)) (justify mirror))
    )
    (fp_line (start -3.3 1.15) (end 3.3 1.15) (layer B.CrtYd) (width 0.05))
    (fp_line (start -3.3 -1.15) (end 3.3 -1.15) (layer B.CrtYd) (width 0.05))
    (fp_line (start -3.3 1.15) (end -3.3 -1.15) (layer B.CrtYd) (width 0.05))
    (fp_line (start 3.3 1.15) (end 3.3 -1.15) (layer B.CrtYd) (width 0.05))
    (fp_line (start 1 1.025) (end -1 1.025) (layer B.SilkS) (width 0.15))
    (fp_line (start -1 -1.025) (end 1 -1.025) (layer B.SilkS) (width 0.15))
    (pad 1 smd rect (at -2 0 180) (size 2 1.6) (layers B.Cu B.Paste B.Mask)
      (net 6 "Net-(C108-Pad1)"))
    (pad 2 smd rect (at 2 0 180) (size 2 1.6) (layers B.Cu B.Paste B.Mask)
      (net 3 GND))
    (model Capacitors_SMD.3dshapes/C_1206_HandSoldering.wrl
      (at (xyz 0 0 0))
      (scale (xyz 1 1 1))
      (rotate (xyz 0 0 0))
    )
  )

  (module smd-handsolder:C_1206_HandSoldering (layer B.Cu) (tedit 541A9C03) (tstamp 59207991)
    (at 80.48 71.59 180)
    (descr "Capacitor SMD 1206, hand soldering")
    (tags "capacitor 1206")
    (path /591EAF00)
    (attr smd)
    (fp_text reference C109 (at -0.635 -2.54 180) (layer B.SilkS)
      (effects (font (size 1 1) (thickness 0.15)) (justify mirror))
    )
    (fp_text value C (at 0 -2.3 180) (layer B.Fab)
      (effects (font (size 1 1) (thickness 0.15)) (justify mirror))
    )
    (fp_line (start -1 -1.025) (end 1 -1.025) (layer B.SilkS) (width 0.15))
    (fp_line (start 1 1.025) (end -1 1.025) (layer B.SilkS) (width 0.15))
    (fp_line (start 3.3 1.15) (end 3.3 -1.15) (layer B.CrtYd) (width 0.05))
    (fp_line (start -3.3 1.15) (end -3.3 -1.15) (layer B.CrtYd) (width 0.05))
    (fp_line (start -3.3 -1.15) (end 3.3 -1.15) (layer B.CrtYd) (width 0.05))
    (fp_line (start -3.3 1.15) (end 3.3 1.15) (layer B.CrtYd) (width 0.05))
    (pad 2 smd rect (at 2 0 180) (size 2 1.6) (layers B.Cu B.Paste B.Mask)
      (net 3 GND))
    (pad 1 smd rect (at -2 0 180) (size 2 1.6) (layers B.Cu B.Paste B.Mask)
      (net 4 +3V3))
    (model Capacitors_SMD.3dshapes/C_1206_HandSoldering.wrl
      (at (xyz 0 0 0))
      (scale (xyz 1 1 1))
      (rotate (xyz 0 0 0))
    )
  )

  (module smd-handsolder:C_1206_HandSoldering (layer B.Cu) (tedit 541A9C03) (tstamp 592079CA)
    (at 69.05 55.08)
    (descr "Capacitor SMD 1206, hand soldering")
    (tags "capacitor 1206")
    (path /591EBE78)
    (attr smd)
    (fp_text reference C111 (at -5.715 0) (layer B.SilkS)
      (effects (font (size 1 1) (thickness 0.15)) (justify mirror))
    )
    (fp_text value C (at 0 -2.3) (layer B.Fab)
      (effects (font (size 1 1) (thickness 0.15)) (justify mirror))
    )
    (fp_line (start -3.3 1.15) (end 3.3 1.15) (layer B.CrtYd) (width 0.05))
    (fp_line (start -3.3 -1.15) (end 3.3 -1.15) (layer B.CrtYd) (width 0.05))
    (fp_line (start -3.3 1.15) (end -3.3 -1.15) (layer B.CrtYd) (width 0.05))
    (fp_line (start 3.3 1.15) (end 3.3 -1.15) (layer B.CrtYd) (width 0.05))
    (fp_line (start 1 1.025) (end -1 1.025) (layer B.SilkS) (width 0.15))
    (fp_line (start -1 -1.025) (end 1 -1.025) (layer B.SilkS) (width 0.15))
    (pad 1 smd rect (at -2 0) (size 2 1.6) (layers B.Cu B.Paste B.Mask)
      (net 4 +3V3))
    (pad 2 smd rect (at 2 0) (size 2 1.6) (layers B.Cu B.Paste B.Mask)
      (net 3 GND))
    (model Capacitors_SMD.3dshapes/C_1206_HandSoldering.wrl
      (at (xyz 0 0 0))
      (scale (xyz 1 1 1))
      (rotate (xyz 0 0 0))
    )
  )

  (module smd-normal:LED-1206 (layer B.Cu) (tedit 5538B1FB) (tstamp 592079F4)
    (at 52.54 65.09014 270)
    (descr "LED 1206 smd package")
    (tags "LED1206 SMD")
    (path /591BBBD3)
    (attr smd)
    (fp_text reference D101 (at 0.254 -2.54 270) (layer B.SilkS)
      (effects (font (size 1 1) (thickness 0.15)) (justify mirror))
    )
    (fp_text value LED (at 0 -1.65 270) (layer B.Fab)
      (effects (font (size 1 1) (thickness 0.15)) (justify mirror))
    )
    (fp_line (start 0.09906 -0.09906) (end -0.09906 -0.09906) (layer B.SilkS) (width 0.15))
    (fp_line (start -0.09906 -0.09906) (end -0.09906 0.09906) (layer B.SilkS) (width 0.15))
    (fp_line (start 0.09906 0.09906) (end -0.09906 0.09906) (layer B.SilkS) (width 0.15))
    (fp_line (start 0.09906 -0.09906) (end 0.09906 0.09906) (layer B.SilkS) (width 0.15))
    (fp_line (start -0.44958 -0.6985) (end -0.79756 -0.6985) (layer B.SilkS) (width 0.15))
    (fp_line (start -0.79756 -0.6985) (end -0.79756 -0.44958) (layer B.SilkS) (width 0.15))
    (fp_line (start -0.44958 -0.44958) (end -0.79756 -0.44958) (layer B.SilkS) (width 0.15))
    (fp_line (start -0.44958 -0.6985) (end -0.44958 -0.44958) (layer B.SilkS) (width 0.15))
    (fp_line (start -0.79756 -0.6985) (end -0.89916 -0.6985) (layer B.SilkS) (width 0.15))
    (fp_line (start -0.89916 -0.6985) (end -0.89916 0.49784) (layer B.SilkS) (width 0.15))
    (fp_line (start -0.79756 0.49784) (end -0.89916 0.49784) (layer B.SilkS) (width 0.15))
    (fp_line (start -0.79756 -0.6985) (end -0.79756 0.49784) (layer B.SilkS) (width 0.15))
    (fp_line (start -0.79756 0.54864) (end -0.89916 0.54864) (layer B.SilkS) (width 0.15))
    (fp_line (start -0.89916 0.54864) (end -0.89916 0.6985) (layer B.SilkS) (width 0.15))
    (fp_line (start -0.79756 0.6985) (end -0.89916 0.6985) (layer B.SilkS) (width 0.15))
    (fp_line (start -0.79756 0.54864) (end -0.79756 0.6985) (layer B.SilkS) (width 0.15))
    (fp_line (start 0.89916 -0.6985) (end 0.79756 -0.6985) (layer B.SilkS) (width 0.15))
    (fp_line (start 0.79756 -0.6985) (end 0.79756 0.49784) (layer B.SilkS) (width 0.15))
    (fp_line (start 0.89916 0.49784) (end 0.79756 0.49784) (layer B.SilkS) (width 0.15))
    (fp_line (start 0.89916 -0.6985) (end 0.89916 0.49784) (layer B.SilkS) (width 0.15))
    (fp_line (start 0.89916 0.54864) (end 0.79756 0.54864) (layer B.SilkS) (width 0.15))
    (fp_line (start 0.79756 0.54864) (end 0.79756 0.6985) (layer B.SilkS) (width 0.15))
    (fp_line (start 0.89916 0.6985) (end 0.79756 0.6985) (layer B.SilkS) (width 0.15))
    (fp_line (start 0.89916 0.54864) (end 0.89916 0.6985) (layer B.SilkS) (width 0.15))
    (fp_line (start -0.44958 -0.6985) (end -0.59944 -0.6985) (layer B.SilkS) (width 0.15))
    (fp_line (start -0.59944 -0.6985) (end -0.59944 -0.44958) (layer B.SilkS) (width 0.15))
    (fp_line (start -0.44958 -0.44958) (end -0.59944 -0.44958) (layer B.SilkS) (width 0.15))
    (fp_line (start -0.44958 -0.6985) (end -0.44958 -0.44958) (layer B.SilkS) (width 0.15))
    (fp_line (start -1.5494 -0.7493) (end 1.5494 -0.7493) (layer B.SilkS) (width 0.15))
    (fp_line (start 1.5494 -0.7493) (end 1.5494 0.7493) (layer B.SilkS) (width 0.15))
    (fp_line (start 1.5494 0.7493) (end -1.5494 0.7493) (layer B.SilkS) (width 0.15))
    (fp_line (start -1.5494 0.7493) (end -1.5494 -0.7493) (layer B.SilkS) (width 0.15))
    (fp_arc (start 0 0) (end -0.54864 -0.49784) (angle 95.4) (layer B.SilkS) (width 0.15))
    (fp_arc (start 0 0) (end 0.54864 -0.49784) (angle 84.5) (layer B.SilkS) (width 0.15))
    (fp_arc (start 0 0) (end 0.54864 0.49784) (angle 95.4) (layer B.SilkS) (width 0.15))
    (fp_arc (start 0 0) (end -0.54864 0.49784) (angle 84.5) (layer B.SilkS) (width 0.15))
    (pad 2 smd rect (at 1.41986 0 90) (size 1.59766 1.80086) (layers B.Cu B.Paste B.Mask)
      (net 1 VCC))
    (pad 1 smd rect (at -1.41986 0 90) (size 1.59766 1.80086) (layers B.Cu B.Paste B.Mask)
      (net 7 "Net-(D101-Pad1)"))
  )

  (module smd-normal:LED-1206 (layer B.Cu) (tedit 5538B1FB) (tstamp 59207A1E)
    (at 52.54 71.73986 90)
    (descr "LED 1206 smd package")
    (tags "LED1206 SMD")
    (path /591BBCC5)
    (attr smd)
